360.906
638.159
897.291
1138.624
1330.953
1493.497
1630.695
1753.925
1848.272
1958.600
2019.340
2075.992
2114.245
2142.492
339.910
635.899
885.869
1130.770
1332.546
1495.082
1636.351
1755.978
1852.099
1815.351
2006.129
1875.604
1900.694
1927.568
301.808
569.107
791.547
1013.486
1194.185
1338.705
1463.628
1574.812
1663.131
1772.486
1826.606
1870.910
1908.119
1970.084
305.153
564.603
793.245
1010.366
1189.660
1337.274
1464.707
1573.789
1656.215
1769.183
1828.399
1876.626
1908.677
1922.187
301.228
564.982
786.915
1010.340
1192.809
1337.660
1464.497
1582.562
1659.216
1759.724
1822.773
1865.340
1895.719
1932.038
304.066
566.072
788.030
1009.361
1193.066
1333.367
1462.021
1571.740
1657.469
1761.448
1817.259
1862.496
1898.509
1939.065
301.975
571.350
792.499
1025.661
1196.522
1344.910
1472.789
1576.821
1665.828
1775.809
1827.892
1873.871
1913.669
1935.917
305.589
569.363
794.993
1014.444
1196.060
1340.513
1472.453
1574.033
1664.238
1788.189
1832.186
1884.092
1908.950
1937.791
306.455
566.171
792.100
1016.868
1192.860
1342.123
1464.490
1578.540
1657.740
1774.995
1834.983
1879.101
1911.886
1936.067
305.191
568.828
789.061
1011.577
1198.342
1344.529
1470.035
1579.365
1667.008
1774.939
1829.895
1872.933
1911.385
1939.019
300.783
572.394
791.474
1019.496
1195.850
1340.424
1469.238
1571.349
1660.271
1766.762
1826.807
1873.850
1910.674
1933.467
305.675
566.308
793.899
1013.551
1195.282
1339.888
1467.489
1571.256
1658.150
1771.306
1826.160
1873.918
1904.466
1932.331
305.383
569.112
790.370
1015.273
1194.325
1340.531
1463.328
1616.686
1663.003
1774.519
1852.524
1914.931
1947.913
1972.615
303.677
581.875
799.313
1031.788
1198.797
1339.723
1470.922
1576.771
1665.545
1776.403
1828.948
1875.289
1913.769
1941.365
305.450
569.931
792.586
1014.585
1196.762
1343.872
1470.647
1569.662
1661.237
1777.893
1824.327
1876.343
1906.999
1934.543
304.027
566.930
792.378
1016.374
1197.339
1341.113
1467.315
1582.766
1662.735
1775.168
1834.313
1878.936
1913.283
1941.512
305.390
567.724
792.617
1014.429
1198.232
1342.755
1462.819
1574.187
1663.225
1771.924
1826.761
1874.123
1912.460
1939.385
303.655
570.685
790.959
1015.657
1198.297
1341.944
1469.715
1573.757
1662.221
1769.432
1828.862
1874.397
1910.882
1938.476
305.307
567.266
795.171
1015.878
1191.308
1340.989
1470.084
1575.286
1665.144
1775.945
1829.453
1882.951
1908.709
1937.238
305.258
566.722
794.198
1015.315
1197.320
1341.480
1469.000
1580.361
1661.938
1773.665
1832.848
1883.055
1913.337
1939.423
305.002
570.775
792.914
1015.541
1200.204
1347.436
1469.254
1578.538
1669.200
1779.454
1827.623
1918.788
1909.729
1939.789
306.164
571.552
792.657
1016.003
1196.839
1337.271
1476.659
1573.447
1664.800
1774.970
1830.307
1875.151
1914.402
1936.956
305.371
567.202
796.069
1015.995
1195.623
1336.426
1466.814
1576.716
1657.521
1775.067
1830.575
1868.787
1902.921
1934.528
304.416
565.845
790.317
1014.473
1194.743
1341.628
1464.794
1576.011
1659.394
1769.047
1826.117
1875.965
1910.402
1934.800
302.613
570.831
789.749
1013.420
1191.635
1344.388
1467.680
1573.800
1662.383
1769.674
1825.842
1879.280
1906.070
1933.856
303.583
569.900
792.108
1013.312
1195.378
1341.517
1474.262
1576.402
1663.816
1776.855
1826.542
1874.691
1911.244
1936.067
306.136
567.913
795.407
1017.103
1191.958
1342.913
1473.490
1578.431
1659.432
1776.137
1832.851
1872.369
1911.653
1935.434
305.629
567.299
791.763
1013.756
1198.011
1340.439
1467.643
1575.515
1658.381
1770.754
1825.180
1875.704
1910.343
1936.894
301.822
570.241
790.131
1015.688
1196.626
1340.591
1469.696
1575.672
1662.865
1768.110
1825.127
1876.121
1909.033
1936.130
303.080
571.205
791.963
1015.353
1200.114
1340.907
1468.980
1573.028
1663.373
1774.684
1829.947
1874.531
1912.022
1937.306
305.719
568.945
795.012
1017.056
1196.296
1341.881
1469.249
1579.511
1662.203
1776.407
1834.908
1877.539
1910.260
1937.632
305.720
569.415
794.268
1014.151
1199.164
1345.759
1467.007
1575.499
1665.605
1771.868
1823.813
1875.822
1912.751
1934.177
303.452
571.153
792.856
1010.332
1195.585
1341.594
1469.720
1573.815
1665.442
1772.133
1825.913
1867.175
1895.545
1966.203
304.744
568.716
791.146
1012.725
1191.933
1337.059
1465.463
1567.727
1657.840
1766.548
1820.535
1862.071
1902.792
1931.116
304.457
566.774
790.767
1009.141
1191.177
1337.297
1464.376
1567.271
1652.919
1768.819
1821.701
1867.647
1900.551
1932.419
302.900
564.475
788.587
1010.104
1196.791
1340.419
1463.699
1573.927
1655.705
1768.697
1826.541
1875.519
1906.179
1934.227
303.601
565.532
792.743
1008.673
1193.149
1338.200
1461.157
1571.721
1659.850
1761.417
1819.468
1870.758
1903.753
1929.373
299.943
569.099
787.402
1009.971
1193.060
1337.022
1468.108
1569.212
1662.100
1764.004
1821.591
1869.747
1898.425
1928.307
302.127
568.060
791.534
1006.039
1190.137
1332.089
1465.043
1569.114
1659.918
1764.113
1821.382
1868.833
1902.654
1926.781
305.264
568.170
791.644
1010.877
1192.088
1337.973
1464.781
1566.166
1655.275
1770.135
1825.968
1873.232
1904.426
1927.654
304.153
565.335
789.276
1012.402
1193.386
1336.545
1461.682
1574.024
1658.538
1767.286
1826.269
1864.957
1902.992
1929.685
304.519
566.374
790.282
1010.910
1197.134
1339.737
1462.487
1573.918
1659.530
1765.730
1823.643
1876.921
1908.482
1931.113
301.887
567.113
788.169
1010.101
1192.413
1338.187
1467.699
1567.397
1654.730
1767.371
1815.367
1863.350
1898.846
1930.791
299.846
568.122
787.907
1012.002
1190.244
1332.278
1466.168
1569.984
1659.024
1765.845
1822.250
1873.060
1903.927
1972.854
305.035
566.643
791.102
1012.360
1191.146
1336.488
1468.614
1567.126
1652.447
1769.983
1817.661
1864.142
1898.894
1923.980
304.835
562.987
793.462
1014.609
1193.333
1341.106
1467.355
1574.717
1657.531
1770.398
1824.759
1861.922
1899.891
1932.599
304.441
564.638
792.250
1015.410
1198.652
1344.077
1468.399
1580.009
1661.798
1775.391
1832.322
1882.050
1922.940
1942.911
301.052
572.451
796.062
1018.759
1200.868
1339.765
1472.976
1577.893
1670.225
1772.968
1831.001
1882.342
1916.461
1935.927
306.115
571.671
796.017
1016.419
1200.545
1349.426
1475.693
1578.406
1668.456
1785.654
1833.367
1877.187
1916.189
1941.271
305.993
569.469
795.149
1014.441
1200.314
1349.135
1471.046
1581.950
1662.246
1775.085
1834.026
1879.916
1913.462
1942.914
304.690
569.444
795.115
1015.791
1197.901
1345.166
1474.716
1582.059
1667.730
1779.058
1831.490
1880.150
1916.355
1941.336
306.142
571.679
793.082
1018.890
1200.631
1341.956
1471.291
1580.087
1667.681
1780.028
1829.191
1880.336
1913.168
1944.229
306.405
570.659
797.695
1019.714
1202.988
1345.818
1470.787
1584.294
1665.614
1775.512
1834.645
1883.808
1915.123
1941.407
305.118
569.416
793.823
1012.304
1197.968
1346.294
1470.666
1581.576
1666.243
1768.903
1831.405
1877.418
1916.189
1943.391
303.498
571.780
794.357
1016.497
1200.285
1342.183
1471.798
1571.754
1668.036
1775.700
1833.725
1878.552
1915.701
1940.561
305.652
569.294
795.705
1016.622
1199.564
1347.034
1479.551
1578.116
1663.803
1776.790
1836.569
1875.362
1914.606
1943.695
306.301
570.298
794.749
1018.383
1199.177
1381.893
1464.702
1580.321
1666.791
1775.306
1836.273
1882.833
1920.080
1945.135
304.210
573.328
794.471
1019.192
1201.470
1346.088
1484.173
1580.509
1670.560
1779.907
1833.947
1882.177
1916.771
1939.426
307.279
569.904
800.544
1019.158
1197.666
1343.893
1475.184
1581.765
1665.782
1776.938
1839.395
1881.203
1910.131
1938.796
306.344
568.849
792.940
1018.220
1201.557
1347.977
1471.863
1580.090
1669.377
1777.873
1835.079
1883.448
1918.667
1946.197
301.455
572.128
796.424
1017.484
1200.394
1345.122
1476.478
1580.578
1666.944
1778.377
1834.295
1882.917
1914.104
1945.167
306.456
571.199
797.466
1018.920
1198.659
1346.652
1477.394
1576.556
1666.900
1781.070
1833.480
1879.812
1916.402
1942.712
305.788
569.284
795.638
1020.223
1204.330
1350.247
1472.946
1582.460
1665.593
1774.712
1835.293
1884.552
1919.211
1942.752
301.644
571.500
794.259
1015.285
1201.398
1344.686
1474.197
1577.978
1668.846
1776.366
1832.308
1879.673
1912.510
1941.294
307.317
571.914
795.810
1019.743
1199.683
1348.946
1476.242
1578.591
1668.746
1780.285
1831.392
1876.870
1909.270
1937.345
306.851
569.787
796.248
1019.008
1200.335
1348.710
1473.467
1585.929
1674.442
1773.380
1831.011
1881.847
1916.776
1938.372
304.649
570.631
793.481
1017.998
1200.011
1348.523
1476.507
1583.919
1672.429
1780.918
1835.991
1881.307
1917.459
1943.302
306.605
572.669
795.436
1020.443
1202.727
1346.996
1515.883
1572.059
1666.489
1779.424
1833.607
1878.661
1913.626
1943.194
307.308
567.051
795.416
1017.802
1199.233
1349.178
1471.130
1582.615
1670.946
1779.827
1839.437
1882.239
1916.548
1941.596
304.528
569.809
792.675
1015.705
1200.624
1342.345
1472.153
1579.711
1666.949
1775.882
1832.674
1876.213
1912.307
1943.480
303.243
572.440
795.763
1019.620
1200.683
1347.520
1476.619
1579.006
1669.174
1776.762
1836.046
1881.144
1914.831
1942.462
306.393
566.647
797.920
1018.410
1202.056
1347.804
1474.053
1581.970
1669.745
1780.612
1836.940
1885.206
1913.992
1942.307
306.599
570.742
796.819
1019.019
1199.004
1352.320
1474.681
1580.713
1669.508
1776.473
1829.194
1879.409
1918.576
1940.831
303.035
574.417
997.177
1160.031
1356.931
1514.809
1576.862
1579.071
1669.152
1776.984
1828.139
1872.959
1913.087
1934.080
303.728
569.254
791.445
1018.327
1195.934
1340.366
1476.528
1575.520
1663.107
1772.553
1830.272
1877.130
1907.627
1933.847
305.415
566.219
795.112
1015.764
1199.651
1342.675
1470.060
1581.633
1666.434
1778.829
1830.982
1877.249
1911.150
1934.973
305.269
567.092
792.030
1017.362
1196.473
1345.204
1468.902
1580.074
1664.653
1773.545
1829.893
1878.968
1914.344
1941.737
303.603
569.803
792.832
1014.522
1201.643
1342.477
1473.885
1579.879
1665.015
1777.800
1830.484
1879.436
1913.852
1941.619
305.200
572.481
793.624
1017.902
1197.732
1346.329
1474.695
1579.502
1666.495
1777.276
1832.912
1877.319
1912.584
1936.389
305.033
569.100
792.198
1018.010
1201.072
1346.214
1496.069
1576.261
1669.692
1777.465
1835.182
1885.566
1918.947
1944.452
302.898
569.444
793.270
1016.827
1195.451
1345.027
1477.862
1573.992
1666.820
1773.094
1831.700
1879.279
1912.465
1943.434
305.381
571.014
792.855
1016.607
1198.816
1343.905
1470.540
1577.387
1665.590
1779.231
1829.950
1874.272
1912.445
1940.993
306.024
568.361
795.418
1017.375
1199.543
1341.497
1472.122
1584.645
1663.550
1771.441
1831.925
1881.863
1914.989
1939.095
305.252
567.905
793.972
1016.355
1198.686
1344.234
1467.898
1578.627
1665.956
1773.546
1831.881
1878.689
1915.964
1938.882
303.737
571.122
792.850
1015.359
1194.898
1341.283
1470.288
1575.288
1668.777
1776.279
1831.371
1877.546
1909.371
1937.975
305.761
567.744
797.008
1016.021
1194.934
1344.817
1472.405
1575.789
1661.632
1776.174
1824.454
1878.108
1910.483
1936.627
305.184
568.388
791.721
1016.006
1195.253
1345.357
1467.911
1580.101
1664.491
1771.613
1833.615
1877.222
1909.062
1934.838
303.822
568.043
790.582
1013.355
1195.517
1341.485
1468.777
1581.345
1667.801
1772.568
1831.691
1876.524
1910.491
1938.075
302.171
570.373
792.443
1015.131
1199.214
1343.399
1471.535
1574.003
1667.361
1773.757
1826.954
1875.942
1910.507
1935.664
305.482
566.679
796.950
1012.765
1201.964
1342.275
1469.033
1577.189
1662.348
1773.538
1834.124
1872.013
1910.073
1933.081
304.335
563.608
796.102
1013.999
1250.710
1345.547
1466.654
1578.501
1705.486
1812.373
1816.867
1954.750
1899.391
1968.439
308.781
575.669
801.281
1019.430
1203.911
1345.671
1486.057
1584.626
1682.084
1789.859
1841.357
1883.010
1930.491
1947.989
306.329
570.935
801.124
1024.069
1205.283
1356.731
1480.396
1592.253
1675.747
1792.361
1846.474
1890.271
1928.523
1949.103
303.565
572.773
795.617
1022.900
1207.422
1348.426
1485.558
1592.800
1678.348
1780.014
1844.513
1887.288
1918.789
1943.011
307.360
570.294
800.882
1021.567
1201.070
1351.200
1482.468
1588.792
1678.760
1790.582
1846.224
1884.552
1920.931
1952.743
307.396
571.943
797.511
1024.948
1208.507
1354.511
1480.879
1591.870
1675.862
1792.576
1840.131
1886.940
1915.827
1947.694
306.387
577.763
801.171
1025.824
1211.215
1356.530
1492.989
1596.732
1685.894
1798.137
1852.594
1900.076
1934.041
1963.720
309.125
573.372
800.956
1026.960
1213.390
1364.450
1488.310
1599.955
1685.180
1793.989
1837.554
1886.687
1929.257
1966.699
302.102
577.365
800.670
1027.429
1213.497
1355.528
1489.092
1596.502
1685.648
1787.610
1837.833
1881.363
1922.638
1943.005
307.334
571.298
799.229
1019.519
1203.655
1355.260
1478.115
1589.700
1672.292
1783.568
1836.169
1887.782
1919.369
1947.299
302.115
576.040
798.693
1020.080
1208.596
1350.492
1482.299
1587.137
1677.988
1781.098
1838.105
1884.421
1919.591
1946.543
308.028
573.912
800.742
1021.675
1205.349
1354.569
1486.178
1587.342
1677.290
1785.018
1850.858
1887.015
1918.764
1946.604
308.178
572.614
798.190
1023.245
1207.403
1349.669
1475.955
1586.350
1674.490
1782.844
1842.776
1885.178
1923.534
1948.930
306.366
575.854
800.314
1023.224
1210.639
1355.412
1486.960
1584.667
1682.852
1788.487
1837.814
1890.936
1925.825
1949.494
306.989
575.840
805.066
1027.026
1208.488
1357.946
1484.008
1599.210
1680.255
1786.053
1844.362
1894.709
1931.387
1951.533
305.584
578.961
803.377
1025.184
1208.380
1357.971
1486.967
1597.469
1686.606
1790.887
1847.933
1892.620
1928.985
1958.223
312.088
575.906
807.404
1028.945
1212.187
1362.371
1483.428
1597.119
1683.170
1789.068
1850.456
1903.213
1934.844
1963.624
305.624
579.099
804.776
1030.143
1212.029
1358.536
1491.722
1595.524
1691.485
1800.345
1855.301
1904.568
1931.276
1962.194
307.345
574.312
804.849
1026.977
1214.420
1360.969
1485.375
1596.429
1679.752
1787.000
1850.610
1903.480
1936.497
1963.853
304.854
580.073
804.943
1029.806
1211.685
1360.750
1495.146
1601.049
1691.656
1795.152
1853.239
1900.810
1934.651
1964.097
306.698
575.423
807.531
1033.408
1220.397
1367.642
1492.197
1607.389
1693.430
1796.099
1859.587
1906.818
1937.898
1971.955
303.640
578.290
802.609
1031.468
1215.301
1360.272
1495.773
1601.938
1693.992
1802.687
1858.249
1903.701
1942.195
1967.167
308.095
575.173
803.851
1031.502
1215.749
1366.442
1494.024
1604.884
1692.298
1798.635
1856.878
1912.194
1937.133
1965.518
309.576
580.956
808.237
1024.089
1216.672
1367.822
1498.716
1607.339
1691.197
1809.037
1861.352
1908.577
1943.937
1971.628
309.804
576.959
805.067
1033.829
1216.753
1366.129
1494.655
1602.548
1694.467
1795.872
1853.826
1908.954
1937.902
1968.874
309.054
576.168
808.597
1030.819
1216.839
1366.552
1495.892
1605.552
1690.918
1803.006
1860.885
1909.342
1942.070
1976.678
306.052
582.264
805.652
1033.559
1213.821
1359.063
1498.771
1604.438
1700.322
1806.173
1862.922
1911.268
1941.677
1967.774
310.037
576.990
805.286
1034.442
1218.191
1367.691
1496.649
1611.145
1694.756
1804.798
1862.614
1907.080
1951.268
1976.330
309.196
578.262
804.927
1034.558
1216.081
1364.593
1496.394
1601.475
1691.566
1804.120
1865.109
1910.955
1943.527
1967.901
310.495
578.280
808.447
1033.463
1221.001
1369.669
1496.192
1609.735
1696.486
1806.837
1864.157
1907.103
1945.978
1977.078
309.859
574.436
808.909
1034.558
1220.322
1366.888
1491.679
1611.036
1695.311
1801.500
1863.562
1911.458
1943.083
1976.850
305.428
580.159
806.041
1035.818
1219.775
1363.322
1496.549
1603.121
1698.918
1809.624
1861.030
1910.867
1945.453
1972.153
307.420
575.953
808.033
1034.741
1220.218
1366.315
1492.188
1611.484
1693.455
1797.330
1856.926
1909.244
1954.591
1963.488
309.555
579.588
807.952
1032.457
1219.119
1367.218
1499.161
1605.590
1691.170
1803.263
1861.909
1904.605
1945.012
1972.945
309.174
578.478
804.782
1033.452
1216.944
1368.525
1495.784
1604.415
1694.430
1800.281
1857.065
1905.781
1940.952
1964.717
310.219
574.887
808.407
1032.774
1217.998
1370.244
1496.615
1603.412
1672.220
1789.003
1855.174
1902.052
1929.138
1959.613
304.689
578.008
806.105
1027.510
1211.270
1358.401
1493.440
1601.042
1690.121
1794.299
1842.419
1899.856
1930.881
1964.430
310.075
577.787
813.444
1029.682
1207.349
1351.352
1482.031
1596.281
1677.285
1784.696
1843.938
1891.325
1934.181
1948.680
305.365
576.635
801.036
1023.510
1211.964
1355.898
1487.192
1593.536
1681.277
1781.560
1846.127
1889.970
1925.144
1953.949
308.980
575.193
803.646
1025.480
1203.493
1356.892
1492.212
1597.539
1678.375
1793.156
1847.474
1892.195
1917.642
1942.506
306.844
567.191
799.566
1016.827
1204.045
1351.401
1473.059
1588.142
1675.350
1783.206
1840.916
1888.683
1925.779
1949.162
303.326
577.541
805.713
1027.574
1211.529
1354.994
1487.400
1595.200
1681.952
1790.574
1849.208
1894.580
1927.099
1954.294
307.493
571.430
800.198
1026.132
1208.450
1358.403
1482.449
1596.143
1678.880
1785.287
1843.657
1896.386
1928.726
1959.546
302.637
575.222
803.694
1024.167
1209.855
1356.308
1483.477
1593.592
1684.689
1790.376
1843.088
1890.763
1930.360
1955.498
307.162
570.608
804.224
1023.966
1207.963
1362.708
1486.889
1597.625
1681.820
1805.315
1847.260
1897.258
1936.838
1955.295
306.327
575.166
799.083
1025.948
1211.916
1356.956
1488.033
1590.145
1684.587
1785.050
1839.906
1888.942
1924.192
1954.171
307.484
573.179
804.080
1026.371
1210.780
1358.626
1492.038
1594.352
1679.295
1789.261
1848.521
1892.678
1930.959
1960.331
305.633
576.612
801.273
1022.837
1210.060
1355.709
1483.366
1593.333
1679.502
1781.904
1835.715
1890.591
1922.470
1958.729
308.478
575.057
803.651
1024.824
1204.692
1359.860
1484.034
1597.295
1677.883
1784.794
1845.546
1890.878
1923.828
1946.331
307.811
571.653
802.640
1024.314
1210.768
1357.990
1484.836
1601.678
1687.412
1788.952
1850.654
1891.981
1928.238
1957.153
307.253
577.851
801.231
1028.912
1211.918
1355.579
1490.921
1597.676
1681.387
1792.189
1850.082
1887.487
1925.781
1950.498
308.670
570.989
801.961
1025.103
1213.115
1357.963
1479.278
1594.553
1680.661
1786.306
1840.860
1893.966
1930.777
1962.090
304.212
577.835
801.962
1024.401
1207.415
1354.291
1485.464
1589.421
1685.396
1793.435
1849.316
1892.383
1932.070
1948.546
308.425
575.289
801.410
1028.855
1211.224
1359.757
1485.627
1597.359
1682.521
1782.606
1846.187
1893.088
1932.741
1959.835
300.659
576.790
800.066
1023.725
1206.125
1351.469
1481.494
1590.970
1679.405
1789.349
1851.725
1887.460
1919.704
1947.912
308.738
575.246
803.602
1026.463
1207.981
1358.353
1488.704
1598.121
1688.500
1796.677
1855.625
1901.288
1924.074
1955.222
305.384
576.851
802.745
1025.268
1211.269
1361.072
1491.663
1596.148
1680.142
1789.479
1846.469
1895.590
1931.144
1956.499
306.903
576.907
804.768
1027.185
1204.257
1353.600
1486.375
1588.798
1680.328
1784.307
1844.172
1888.485
1924.310
1951.011
307.346
575.168
799.367
1024.316
1207.052
1353.812
1486.319
1592.291
1682.266
1785.032
1841.526
1889.094
1926.760
1955.469
308.447
577.874
800.205
1027.943
1212.540
1361.473
1491.660
1591.726
1682.580
1793.859
1854.471
1905.951
1932.652
1958.177
307.646
573.767
800.172
1025.351
1210.576
1359.421
1485.692
1596.522
1683.153
1779.795
1844.403
1890.092
1925.292
1955.646
307.616
576.053
799.971
1024.468
1206.862
1354.404
1487.175
1590.350
1677.956
1790.249
1840.439
1889.878
1927.905
1949.356
306.533
569.283
800.241
1025.815
1209.654
1355.544
1482.378
1597.000
1679.320
1799.717
1867.601
1905.653
1948.682
1983.377
310.812
584.031
811.268
1040.117
1223.411
1373.330
1505.488
1611.214
1703.385
1810.560
1868.746
1911.989
1947.565
1972.399
309.696
579.955
808.178
1032.649
1222.493
1371.024
1502.632
1613.502
1708.256
1804.088
1868.975
1922.816
1949.548
1971.360
312.300
577.066
808.571
1036.524
1227.855
1371.905
1496.773
1614.911
1697.822
1808.789
1870.967
1908.886
1946.326
1985.265
306.764
583.928
810.298
1034.792
1230.576
1372.022
1510.147
1614.747
1699.164
1813.259
1874.659
1911.804
1953.429
1980.116
310.031
581.688
807.410
1034.784
1220.492
1369.517
1505.339
1609.965
1703.566
1810.025
1866.103
1915.929
1949.098
1970.761
311.640
577.448
809.210
1040.299
1224.038
1371.691
1501.087
1616.073
1701.943
1800.406
1864.687
1914.559
1945.774
1978.050
308.439
582.303
808.949
1032.928
1223.007
1368.628
1500.967
1607.639
1697.192
1811.913
1867.250
1918.171
1948.186
1978.736
310.227
581.635
810.006
1039.057
1222.573
1366.882
1502.179
1610.124
1701.491
1801.141
1862.433
1914.266
1946.034
1979.742
309.019
576.611
810.353
1035.357
1220.033
1369.952
1503.034
1608.630
1701.760
1808.059
1865.419
1913.459
1950.032
1972.832
304.456
581.840
807.250
1035.944
1220.812
1366.912
1501.378
1609.352
1693.548
1807.581
1862.555
1911.903
1945.438
1979.139
309.422
578.008
806.306
1034.893
1223.278
1370.303
1497.006
1608.381
1704.676
1802.118
1857.707
1907.994
1946.809
1969.743
311.332
576.318
811.267
1032.979
1224.284
1370.956
1498.884
1608.830
1698.262
1803.152
1865.531
1926.531
1952.128
1979.097
305.259
579.670
802.271
1033.052
1219.580
1372.361
1501.415
1605.654
1700.491
1806.891
1861.684
1914.018
1944.277
1971.698
309.636
580.208
808.326
1036.197
1223.943
1372.206
1498.396
1608.565
1702.210
1802.659
1863.715
1906.495
1942.124
1968.900
310.072
577.390
808.836
1035.290
1218.073
1367.375
1500.551
1610.599
1695.372
1809.028
1867.086
1913.095
1950.853
1971.859
306.067
581.548
806.387
1037.232
1222.811
1366.220
1500.990
1607.228
1702.147
1805.757
1862.400
1910.032
1944.137
1968.698
310.234
576.244
806.471
1034.045
1220.873
1372.113
1495.291
1606.451
1696.284
1801.170
1861.758
1918.396
1943.588
1971.653
311.017
580.738
805.898
1035.901
1222.454
1361.919
1500.714
1604.226
1698.372
1801.598
1863.426
1910.914
1942.455
1973.716
308.613
578.782
811.201
1042.282
1229.296
1380.118
1507.163
1608.656
1703.892
1807.832
1858.157
1915.208
1947.300
1968.064
309.281
575.623
807.692
1033.251
1219.426
1365.037
1491.896
1604.908
1686.388
1802.976
1871.243
1919.888
1956.080
1989.718
308.151
584.620
811.392
1041.001
1227.627
1373.745
1509.530
1610.361
1692.094
1798.295
1860.183
1903.146
1936.611
1965.700
309.602
574.648
805.864
1028.096
1218.406
1366.470
1490.812
1608.150
1693.759
1800.151
1865.529
1907.901
1947.749
1968.666
309.638
575.937
810.858
1027.532
1214.814
1367.299
1492.308
1601.625
1694.297
1804.457
1860.642
1904.587
1937.082
1963.970
306.862
579.338
807.259
1023.285
1217.798
1365.431
1501.125
1598.944
1695.300
1798.755
1847.802
1895.725
1935.286
1965.649
305.611
570.539
804.215
1030.145
1210.493
1359.126
1487.397
1598.331
1690.134
1793.367
1851.082
1899.465
1937.775
1960.561
301.498
575.903
798.440
1029.074
1213.205
1352.497
1492.562
1599.042
1688.515
1796.534
1853.606
1904.908
1940.612
1964.093
308.546
573.834
807.350
1027.348
1215.274
1361.644
1491.345
1599.233
1689.521
1791.913
1853.382
1901.869
1945.657
1958.603
304.649
579.001
800.613
1028.448
1209.922
1356.382
1491.937
1593.448
1686.686
1789.716
1848.517
1898.286
1932.862
1957.765
307.555
572.261
802.835
1025.948
1206.497
1360.234
1483.571
1597.207
1676.607
1794.774
1848.759
1893.908
1930.010
1957.000
305.262
574.591
798.485
1022.893
1208.949
1352.324
1488.531
1594.840
1684.056
1785.664
1854.384
1899.251
1927.902
1958.726
306.969
572.122
801.822
1024.475
1204.592
1355.966
1486.956
1592.918
1680.829
1787.035
1849.494
1894.470
1927.712
1952.557
307.542
574.496
799.489
1022.877
1210.400
1354.588
1479.736
1591.981
1679.911
1785.754
1842.505
1888.847
1933.047
1952.620
305.780
574.772
799.865
1019.829
1205.718
1353.385
1483.710
1587.913
1679.103
1790.369
1845.073
1887.959
1925.084
1951.589
307.212
568.007
794.508
1017.470
1207.344
1351.317
1480.744
1592.798
1677.819
1787.188
1835.696
1887.592
1921.869
1953.294
302.594
574.045
795.331
1020.834
1208.561
1349.337
1482.153
1588.156
1679.293
1784.445
1838.506
1888.492
1917.007
1946.272
306.776
568.332
798.084
1019.524
1202.282
1351.354
1477.947
1589.363
1671.467
1780.270
1843.484
1886.289
1917.465
1946.833
306.818
568.419
795.278
1021.146
1204.742
1351.124
1478.037
1592.592
1676.335
1784.547
1844.330
1894.437
1928.534
1960.705
305.625
573.169
796.479
1021.330
1205.147
1346.162
1482.565
1585.071
1674.705
1791.065
1838.896
1888.316
1926.145
1951.686
306.203
570.325
797.344
1020.608
1201.896
1354.191
1479.616
1589.158
1670.069
1780.510
1845.538
1892.459
1924.970
1950.200
304.661
573.242
794.879
1017.076
1202.356
1351.041
1485.316
1584.329
1676.420
1781.975
1830.905
1881.892
1923.395
1950.600
305.940
568.280
799.318
1021.965
1201.280
1347.305
1486.499
1584.975
1672.786
1781.884
1841.151
1884.234
1919.660
1948.981
305.900
568.071
793.018
1018.587
1203.145
1349.068
1471.408
1585.069
1667.300
1775.967
1835.427
1886.118
1922.296
1948.372
299.175
574.139
792.722
1018.098
1196.271
1344.940
1473.735
1581.689
1673.110
1772.566
1831.466
1881.910
1906.633
1942.536
307.290
570.565
797.684
1019.691
1199.358
1349.252
1480.721
1582.703
1669.756
1782.345
1838.932
1890.790
1917.677
1943.212
306.249
566.773
794.394
1017.183
1200.092
1351.802
1475.842
1588.840
1666.748
1771.643
1835.688
1886.835
1921.673
1947.339
301.583
572.247
796.216
1018.656
1200.536
1348.053
1477.116
1589.232
1671.807
1780.218
1837.970
1887.068
1923.613
1945.755
305.898
567.584
795.514
1018.327
1197.499
1352.657
1477.696
1584.073
1672.181
1782.408
1841.238
1883.772
1920.691
1944.121
306.034
566.444
792.022
1026.395
1205.482
1351.456
1476.885
1585.430
1674.510
1778.462
1836.339
1883.149
1923.179
1956.541
303.318
571.868
793.434
1021.004
1200.104
1348.780
1481.012
1586.026
1679.681
1785.603
1844.453
1889.541
1932.741
1950.672
306.600
567.685
801.373
1024.767
1207.583
1349.523
1475.442
1584.439
1672.344
1782.294
1845.562
1894.100
1924.773
1949.056
305.245
573.320
797.441
1017.595
1203.275
1355.841
1478.899
1585.876
1676.807
1777.820
1833.872
1880.755
1917.412
1942.774
306.184
574.457
796.210
1022.208
1206.754
1349.463
1483.968
1584.501
1677.396
1786.678
1844.590
1890.381
1925.946
1945.835
306.488
570.463
797.633
1018.600
1204.038
1350.663
1474.918
1587.675
1676.966
1782.142
1836.851
1884.900
1928.133
1953.608
299.530
571.834
795.267
1020.913
1205.536
1347.595
1482.673
1580.677
1674.881
1774.504
1838.204
1883.992
1920.241
1943.918
305.373
569.428
798.211
1017.261
1200.264
1353.636
1478.869
1590.327
1678.635
1781.997
1846.658
1882.546
1923.054
1953.913
304.250
568.543
791.446
1016.062
1200.199
1346.429
1476.488
1584.057
1674.221
1784.178
1842.505
1884.752
1920.128
1949.055
302.940
571.460
796.639
1020.741
1200.290
1352.056
1492.006
1591.372
1674.153
1780.951
1835.374
1880.402
1920.207
1944.606
305.370
567.978
795.538
1016.924
1200.695
1348.061
1476.049
1583.504
1669.243
1770.519
1835.481
1879.321
1911.772
1940.467
306.421
566.443
795.308
1018.484
1198.308
1346.215
1473.675
1585.053
1669.926
1780.747
1832.066
1880.392
1926.182
1957.924
302.755
570.224
796.471
1016.757
1203.831
1347.515
1478.746
1581.752
1666.278
1780.309
1835.366
1885.726
1915.990
1943.192
304.934
565.773
794.032
1017.503
1199.975
1349.954
1476.341
1592.232
1673.536
1778.724
1847.186
1883.456
1918.142
1943.194
305.781
566.000
794.830
1017.253
1200.658
1351.771
1478.453
1586.795
1673.384
1777.327
1834.110
1887.005
1919.791
1949.087
301.114
570.469
796.948
1019.051
1202.558
1344.350
1483.509
1584.367
1672.761
1776.309
1835.104
1878.184
1917.239
1944.610
305.103
566.863
801.178
1023.119
1200.135
1353.082
1481.713
1590.968
1673.415
1786.452
1850.287
1890.380
1919.183
1946.206
304.481
570.231
796.326
1018.285
1204.525
1349.841
1476.193
1586.901
1674.127
1771.242
1832.936
1874.079
1914.889
1945.781
301.985
570.768
792.439
1014.597
1197.706
1344.163
1479.222
1580.281
1670.999
1776.151
1834.189
1880.416
1913.018
1946.287
305.471
567.640
797.671
1019.342
1204.137
1348.719
1475.988
1586.772
1668.081
1779.989
1837.423
1883.693
1914.870
1939.614
305.103
565.798
793.255
1020.871
1201.908
1344.196
1472.844
1584.876
1673.282
1776.397
1836.053
1881.277
1923.761
1947.406
300.204
571.646
792.036
1017.611
1204.672
1343.521
1475.358
1574.075
1673.535
1776.906
1828.494
1878.000
1914.632
1942.058
305.503
568.082
796.368
1019.143
1199.747
1347.247
1477.615
1579.764
1667.622
1774.529
1836.559
1884.823
1910.153
1942.685
306.594
570.166
794.613
1017.852
1202.266
1347.363
1475.142
1588.694
1674.058
1785.685
1831.161
1878.857
1931.667
1946.065
300.135
571.122
789.268
1021.346
1202.560
1341.270
1475.173
1581.440
1672.207
1775.765
1829.955
1881.194
1909.898
1938.304
304.876
567.345
797.270
1015.426
1198.211
1347.541
1473.971
1581.754
1670.816
1785.108
1836.318
1879.253
1916.598
1941.501
304.236
566.637
793.118
1015.134
1202.185
1347.506
1474.594
1586.821
1673.018
1780.786
1839.206
1885.896
1923.511
1952.931
302.853
570.543
797.088
1015.562
1202.514
1347.279
1481.424
1587.953
1670.424
1781.104
1835.335
1883.353
1915.966
1943.548
305.087
567.486
797.519
1020.300
1194.536
1353.832
1476.527
1586.527
1672.992
1782.325
1841.320
1887.566
1913.377
1952.509
304.185
566.336
793.980
1020.211
1198.886
1353.127
1472.573
1588.585
1669.968
1774.797
1833.289
1880.881
1916.012
1947.796
302.587
570.736
791.346
1019.981
1201.276
1348.353
1479.907
1582.780
1675.682
1782.310
1833.748
1881.118
1913.896
1940.481
305.111
568.041
798.909
1017.985
1199.296
1344.252
1478.218
1588.536
1671.731
1776.311
1836.003
1878.279
1918.082
1938.100
305.671
566.386
792.560
1017.656
1200.298
1347.744
1469.014
1582.149
1667.604
1773.630
1831.103
1876.955
1912.699
1942.747
301.760
570.698
793.901
1017.590
1201.727
1339.838
1476.814
1580.341
1674.891
1776.274
1836.957
1884.282
1918.359
1941.804
306.792
570.023
797.220
1016.467
1198.600
1348.829
1474.725
1582.212
1665.457
1782.906
1834.500
1885.957
1915.971
1939.102
304.268
568.978
795.972
1020.163
1201.528
1344.658
1471.357
1586.670
1668.798
1774.774
1841.887
1883.982
1920.509
1944.933
302.043
572.009
791.930
1016.708
1202.217
1345.912
1479.083
1579.883
1677.789
1781.813
1835.635
1874.542
1922.746
1946.881
305.148
569.791
798.932
1019.473
1199.219
1349.221
1475.832
1587.984
1673.444
1781.698
1841.273
1885.922
1921.126
1947.078
304.343
568.715
795.222
1018.909
1202.565
1349.168
1475.419
1584.354
1667.840
1780.891
1838.076
1884.540
1922.361
1947.704
302.566
571.063
794.840
1020.036
1202.990
1345.017
1480.250
1583.039
1673.829
1777.226
1831.992
1881.873
1915.937
1939.577
305.648
567.830
797.982
1016.601
1199.073
1351.789
1472.733
1582.598
1668.705
1780.892
1835.593
1888.672
1915.250
1944.969
305.456
564.972
790.280
1017.039
1202.962
1350.556
1475.944
1589.114
1672.098
1780.383
1834.702
1887.615
1923.310
1953.383
301.600
572.176
794.338
1019.398
1205.281
1346.950
1483.879
1587.366
1673.880
1778.023
1839.072
1882.745
1926.136
1942.213
304.957
569.764
797.028
1019.327
1199.463
1350.768
1477.753
1585.260
1674.000
1780.793
1838.151
1883.608
1922.708
1945.300
306.088
568.308
794.192
1020.876
1207.847
1347.973
1474.883
1591.305
1672.151
1772.672
1838.802
1882.032
1926.450
1946.669
300.739
569.655
794.821
1018.127
1202.693
1348.170
1476.725
1586.972
1676.572
1779.007
1834.778
1882.150
1927.013
1942.957
305.284
567.280
798.827
1018.670
1200.052
1346.841
1477.178
1585.686
1673.324
1779.094
1841.083
1887.974
1922.210
1949.777
305.538
564.996
794.609
1018.602
1199.997
1346.275
1471.451
1584.753
1673.022
1785.712
1834.842
1883.189
1922.180
1949.520
303.013
571.189
795.735
1018.778
1206.854
1348.894
1477.821
1581.876
1680.492
1785.989
1838.978
1888.364
1920.433
1947.484
305.802
570.117
798.534
1020.995
1203.072
1348.865
1479.902
1588.729
1673.816
1785.261
1842.349
1886.229
1918.579
1945.639
304.469
570.280
794.944
1019.424
1203.787
1346.986
1478.047
1583.802
1669.204
1779.378
1832.888
1882.976
1917.032
1949.569
305.842
571.838
792.029
1013.492
1197.700
1345.713
1478.092
1579.464
1670.710
1778.925
1834.261
1875.085
1913.687
1939.041
305.651
567.282
794.412
1018.309
1203.497
1355.087
1477.362
1586.727
1669.654
1780.302
1848.881
1892.400
1922.084
1947.577
304.656
571.448
794.813
1015.455
1203.697
1345.566
1474.846
1584.960
1675.161
1780.906
1837.452
1885.176
1923.847
1949.494
305.475
573.650
792.761
1013.634
1204.138
1349.725
1484.809
1584.691
1675.627
1784.357
1837.519
1884.592
1920.559
1947.928
305.362
566.766
795.905
1019.236
1205.186
1352.311
1476.333
1588.851
1670.466
1778.792
1842.011
1888.506
1919.974
1948.349
302.812
573.071
796.158
1018.092
1203.054
1351.934
1479.756
1580.655
1678.065
1779.313
1838.274
1885.665
1920.989
1941.789
305.090
571.764
795.189
1017.668
1200.046
1345.664
1478.155
1583.976
1672.470
1776.854
1837.703
1891.883
1921.825
1941.790
305.969
569.004
794.047
1019.630
1203.514
1352.393
1476.429
1588.733
1673.359
1778.943
1838.346
1880.730
1925.318
1948.162
302.813
572.149
795.604
1017.669
1201.764
1345.520
1479.616
1583.077
1675.327
1774.898
1835.331
1886.728
1922.240
1950.401
306.686
567.693
798.796
1018.157
1196.830
1350.320
1479.217
1587.621
1668.617
1783.553
1842.386
1887.687
1919.585
1948.200
305.045
569.249
796.125
1023.217
1205.404
1346.451
1475.227
1585.816
1674.344
1777.954
1837.857
1882.289
1918.512
1949.811
299.932
571.282
793.107
1018.538
1202.900
1346.942
1476.866
1580.169
1672.885
1775.945
1836.408
1887.094
1916.084
1943.156
304.765
566.672
796.437
1015.705
1195.174
1347.739
1472.726
1580.869
1670.250
1777.872
1838.055
1883.169
1915.357
1944.173
306.213
567.871
788.519
1019.411
1200.375
1348.105
1474.002
1586.372
1674.156
1777.955
1838.679
1882.857
1919.436
1952.887
299.872
572.325
792.822
1017.014
1202.640
1347.356
1477.614
1575.608
1672.706
1781.294
1829.861
1877.796
1910.665
1941.525
305.857
567.878
797.496
1021.145
1198.175
1347.014
1478.725
1584.609
1671.463
1778.789
1835.697
1880.918
1916.491
1944.081
304.457
567.964
793.139
1017.849
1202.884
1349.853
1471.086
1585.337
1665.514
1774.962
1836.719
1889.397
1928.916
1951.439
301.151
573.005
794.867
1020.019
1202.597
1345.825
1479.969
1585.374
1680.487
1786.146
1836.802
1884.691
1921.076
1945.197
304.564
566.912
798.618
1016.421
1197.177
1350.570
1481.087
1582.347
1671.804
1792.558
1839.728
1886.385
1923.522
1945.328
304.519
567.324
791.796
1020.235
1201.267
1347.664
1474.005
1588.712
1671.801
1775.799
1840.777
1882.826
1926.085
1951.291
301.652
571.039
792.721
1017.328
1202.661
1341.774
1475.709
1583.703
1673.158
1777.354
1836.354
1881.420
1909.444
1944.616
305.955
564.573
798.528
1015.572
1199.903
1347.236
1478.587
1586.108
1669.393
1775.131
1828.979
1875.407
1913.133
1949.005
304.866
568.089
794.706
1017.876
1198.172
1347.791
1471.072
1583.927
1663.415
1771.998
1831.634
1874.074
1915.608
1945.063
297.925
572.378
791.549
1019.864
1204.248
1347.502
1478.338
1583.691
1672.731
1773.423
1837.216
1878.853
1916.811
1939.131
305.059
569.085
797.198
1018.148
1199.124
1350.834
1482.974
1587.665
1672.547
1781.571
1833.883
1880.665
1917.904
1945.084
305.070
567.577
790.529
1017.349
1201.760
1345.944
1469.782
1582.870
1669.690
1772.580
1831.669
1879.370
1918.265
1937.527
300.479
570.620
795.906
1022.756
1201.658
1346.188
1479.349
1585.190
1674.993
1773.743
1836.986
1877.593
1909.440
1938.058
306.257
571.120
796.514
1017.060
1200.513
1347.788
1476.128
1584.258
1666.681
1779.727
1833.602
1884.031
1916.522
1938.082
305.067
563.865
790.564
1014.942
1197.713
1343.258
1471.242
1586.189
1671.825
1775.387
1834.430
1896.515
1921.636
1945.702
304.051
575.646
800.864
1023.153
1200.782
1348.684
1480.206
1584.409
1677.622
1777.911
1835.443
1877.738
1917.550
1942.990
307.592
576.270
799.831
1017.721
1198.521
1347.603
1477.538
1582.300
1672.326
1783.927
1838.735
1884.664
1920.281
1945.483
306.665
569.643
798.539
1015.794
1199.098
1350.702
1475.054
1586.734
1674.948
1779.073
1837.977
1883.856
1919.193
1946.994
302.953
573.901
794.896
1020.615
1199.282
1343.232
1473.155
1578.844
1673.105
1775.343
1827.425
1876.384
1909.100
1935.024
306.343
572.912
801.017
1016.534
1202.819
1347.238
1478.579
1584.107
1667.899
1779.951
1833.212
1881.506
1923.689
1944.392
307.827
568.993
799.333
1017.084
1203.227
1351.999
1478.484
1587.696
1670.708
1773.315
1838.757
1887.958
1924.006
1942.136
304.538
576.270
798.915
1020.188
1206.555
1348.789
1485.024
1588.268
1681.339
1781.428
1834.431
1889.008
1923.252
1952.538
302.961
567.635
798.644
1020.838
1200.579
1354.754
1481.587
1585.733
1673.926
1784.860
1841.788
1893.077
1923.014
1951.252
303.216
565.966
795.316
1025.614
1208.120
1352.735
1480.405
1590.656
1678.970
1780.817
1842.520
1890.446
1928.423
1961.536
301.942
573.283
792.750
1021.087
1204.400
1350.390
1484.332
1594.294
1682.647
1795.115
1851.275
1897.400
1934.207
1964.329
306.617
572.136
798.141
1026.039
1209.405
1360.538
1481.476
1599.473
1677.996
1786.634
1843.248
1897.415
1933.352
1963.553
301.899
574.593
797.526
1022.493
1217.352
1353.229
1486.837
1586.596
1683.012
1793.202
1845.684
1890.736
1928.973
1952.598
307.666
569.874
801.242
1023.034
1209.106
1357.198
1482.353
1593.817
1679.593
1790.291
1844.161
1904.202
1931.440
1960.609
302.894
576.379
798.121
1026.356
1207.514
1354.069
1488.914
1595.461
1683.531
1789.392
1853.818
1894.995
1933.265
1961.750
307.531
570.259
803.612
1027.909
1209.682
1360.197
1486.467
1594.790
1686.606
1795.810
1857.539
1901.568
1931.532
1952.717
304.435
574.152
798.876
1026.620
1208.692
1357.816
1488.815
1591.250
1683.053
1792.494
1846.809
1893.312
1929.234
1959.089
307.560
568.835
801.594
1025.500
1209.161
1360.233
1489.631
1593.675
1676.801
1791.128
1851.788
1898.383
1931.194
1961.793
307.032
574.720
799.589
1022.619
1210.655
1360.345
1481.873
1594.772
1687.826
1792.301
1847.770
1899.186
1939.448
1955.845
306.053
572.069
802.043
1024.342
1204.155
1357.044
1486.473
1593.746
1681.709
1793.012
1854.187
1899.891
1927.506
1955.622
307.364
571.187
800.489
1024.290
1209.174
1358.097
1487.865
1593.512
1683.762
1794.452
1847.552
1893.148
1926.312
1949.321
307.348
577.075
800.140
1025.650
1207.499
1357.327
1490.857
1595.473
1686.944
1796.318
1852.462
1899.512
1935.286
1960.131
306.350
571.551
795.767
1025.996
1209.820
1361.425
1483.689
1598.150
1680.579
1789.772
1847.779
1890.057
1933.303
1961.526
307.688
576.248
798.814
1024.195
1208.577
1351.829
1487.663
1593.510
1683.289
1790.234
1844.226
1894.827
1927.878
1957.346
306.081
568.403
798.219
1021.704
1207.022
1355.628
1482.753
1592.899
1681.190
1785.212
1835.542
1889.680
1929.489
1962.029
304.525
574.486
795.704
1022.491
1205.773
1353.447
1486.035
1588.396
1685.873
1793.980
1848.517
1892.540
1925.286
1954.416
304.096
564.144
797.176
1026.841
1207.209
1353.983
1480.136
1592.996
1677.347
1782.665
1862.364
1909.578
1934.378
1969.389
303.249
578.515
807.723
1034.825
1210.371
1360.735
1489.955
1592.453
1684.819
1795.187
1852.841
1898.335
1934.469
1957.432
303.162
569.853
802.449
1024.082
1206.775
1354.042
1479.936
1594.105
1680.368
1788.106
1853.749
1908.880
1937.422
1968.321
305.425
575.804
799.980
1022.208
1211.563
1351.149
1488.571
1588.039
1684.895
1794.488
1844.879
1900.142
1933.298
1960.599
306.080
572.205
802.692
1022.117
1206.395
1355.098
1488.443
1595.900
1681.327
1794.293
1853.292
1903.424
1933.117
1960.766
304.482
575.461
798.558
1028.652
1211.446
1351.168
1487.710
1597.792
1686.091
1792.405
1852.626
1892.182
1937.016
1961.960
306.536
570.135
802.797
1023.197
1203.044
1358.837
1490.190
1597.919
1680.643
1794.356
1855.068
1895.604
1933.480
1962.024
305.546
573.140
798.003
1024.968
1202.578
1357.241
1487.388
1595.567
1687.845
1801.028
1850.603
1898.272
1930.682
1963.227
307.789
570.851
805.409
1027.007
1205.382
1361.160
1487.166
1594.961
1688.699
1811.476
1866.982
1903.490
1936.406
1959.355
306.744
573.425
800.745
1025.795
1207.900
1359.742
1486.375
1594.155
1682.304
1791.612
1858.550
1897.312
1940.235
1968.352
307.196
571.560
802.198
1026.937
1209.924
1356.026
1487.499
1590.743
1685.705
1797.137
1857.832
1905.910
1940.424
1964.771
305.523
574.552
800.994
1023.756
1210.669
1361.472
1489.056
1594.988
1682.963
1792.625
1850.558
1898.363
1932.094
1962.752
306.661
571.771
801.179
1025.558
1205.564
1359.022
1484.090
1594.893
1679.331
1795.919
1854.372
1898.083
1936.483
1960.472
307.014
575.764
802.445
1025.763
1206.207
1354.624
1484.545
1593.207
1682.871
1795.288
1849.018
1895.649
1932.707
1959.933
305.787
572.839
799.754
1024.489
1208.833
1358.431
1483.461
1595.652
1683.906
1796.864
1856.816
1900.404
1935.339
1964.532
308.315
573.413
801.900
1029.526
1214.135
1361.746
1485.322
1599.173
1688.033
1797.648
1855.306
1907.712
1936.371
1963.755
308.299
574.607
801.668
1022.890
1206.093
1361.296
1489.034
1591.589
1674.782
1797.524
1852.756
1898.017
1935.029
1960.590
306.915
570.075
801.189
1027.535
1211.886
1359.173
1489.416
1603.499
1688.686
1797.358
1852.377
1903.732
1939.987
1961.431
306.447
574.042
800.421
1023.854
1207.434
1358.855
1486.794
1595.595
1682.487
1797.888
1855.576
1894.319
1932.775
1962.608
306.446
569.429
797.330
1021.165
1209.929
1356.435
1480.558
1597.011
1687.124
1791.940
1846.188
1903.271
1933.167
1962.048
307.359
574.033
798.085
1025.177
1211.719
1356.817
1490.104
1592.139
1682.248
1800.717
1854.322
1905.357
1937.538
1964.662
307.872
569.830
801.558
1024.441
1208.289
1359.322
1488.102
1597.619
1685.482
1792.829
1851.461
1893.487
1933.798
1957.456
307.404
575.979
799.707
1016.856
1206.860
1355.970
1485.881
1592.125
1677.245
1798.205
1850.310
1899.064
1932.272
1962.627
306.943
570.215
796.987
1029.749
1209.690
1354.076
1481.089
1596.413
1681.321
1785.993
1848.443
1897.966
1929.516
1960.994
302.270
575.552
799.058
1020.941
1205.961
1350.770
1486.412
1590.940
1687.848
1804.014
1851.570
1895.369
1936.836
1963.835
