2169.178
2151.963
2155.861
2159.483
2156.465
2156.743
2153.936
2155.034
2163.903
2174.417
2164.006
2166.665
2170.210
2170.101
2165.003
2154.603
2167.056
2160.086
2175.822
2164.461
2168.141
2170.963
2174.585
2169.691
2189.021
2176.533
2171.207
2168.335
2154.641
2157.683
2155.281
2165.413
2167.899
2166.888
2165.306
2164.111
2174.610
2167.217
2169.113
2180.440
2169.967
2164.031
2152.182
2153.117
2157.019
2157.364
2158.027
2167.622
2164.769
2157.185
2176.975
2170.570
2174.215
2174.653
2189.637
2181.321
2153.890
2148.039
2160.551
2162.296
2167.177
2164.948
2167.503
2181.805
2173.203
2171.811
2171.462
2168.507
2174.532
2184.366
2156.917
2166.773
2160.223
2162.239
2162.632
2157.860
2165.220
2158.547
2173.039
2172.290
2165.336
2173.769
2175.501
2178.625
2170.614
2171.316
2167.303
2169.055
2161.583
2172.541
2166.102
2169.409
2174.803
2168.204
2177.443
2177.583
2179.552
2179.571
2160.496
2162.710
2168.841
2166.474
2163.307
2161.581
2164.467
2168.292
2181.563
2184.465
2181.448
2184.569
2186.388
2179.060
2167.884
2169.357
2178.049
2178.955
1976.027
1978.708
1973.885
1981.420
1986.561
1985.524
1982.604
1984.447
1986.952
1987.574
1966.646
1969.791
1972.767
1974.572
1975.244
1971.063
1985.153
1977.721
1976.055
1982.768
1980.033
1980.756
1983.887
1987.275
1967.600
1967.920
1966.884
1972.294
1972.568
1972.870
1973.471
1969.362
1974.908
1990.132
1973.723
1977.182
1984.618
1982.704
1964.702
1970.194
1977.012
1975.596
1980.194
1979.844
1985.398
1985.610
1987.234
1988.842
1990.335
2006.097
1994.570
1997.920
1974.568
1981.753
1979.013
1978.041
1980.322
1983.630
1982.768
1982.904
1985.083
1986.603
1984.736
1985.985
1990.566
1989.601
1987.266
1973.761
1977.378
1978.159
1979.886
1984.053
1986.294
1987.498
1989.788
1986.259
1986.973
1987.755
1991.997
1989.771
1969.666
1975.821
1988.455
1978.851
1982.806
1974.541
1977.703
1983.884
1981.941
1982.226
1985.408
1985.547
1986.111
1986.440
1966.827
1973.435
1972.696
1972.093
1978.517
1996.330
1983.774
1983.526
1986.339
1985.113
1985.589
1986.146
1982.570
1988.968
1975.298
1974.869
1972.390
1979.396
1981.331
1984.626
1981.353
2004.648
1982.740
1987.865
1990.380
1986.937
1986.613
1988.111
1972.306
1968.180
1974.476
1975.732
1979.472
1980.630
1979.875
1987.483
1986.388
1984.380
1998.363
1991.455
1991.516
1982.668
1972.941
1970.105
1976.739
1976.465
1979.341
1982.022
1983.894
1984.737
1987.080
1982.559
1989.216
1986.419
1998.204
1990.169
1965.970
1978.124
1979.959
1977.325
1977.336
1983.023
1980.765
1989.359
1988.055
1986.110
1990.118
1980.980
1987.467
1986.462
1974.601
1992.036
1979.472
1977.651
1978.400
1986.618
1989.612
1989.678
1993.444
1993.733
1994.535
1994.270
1991.605
1992.954
1980.160
1976.581
1978.784
1996.507
1983.267
1987.334
1987.480
1988.398
1989.405
1989.811
1988.442
1993.202
1987.806
1991.682
1975.503
1970.208
1979.862
1979.958
1980.470
1984.149
1998.640
1985.692
1986.008
1992.975
1987.846
1986.755
1984.649
1998.324
1972.663
1976.948
1973.868
1978.156
1975.766
1985.064
1986.512
1988.079
1996.792
1993.480
1981.543
1989.040
1986.948
1986.068
1976.017
1995.845
1977.539
1978.186
1977.320
1979.193
1977.556
1975.965
1980.239
1982.643
1990.453
1997.825
1989.182
1991.218
1972.583
1980.752
1980.910
1983.961
1991.655
1987.725
1992.039
1987.745
1993.246
1996.930
1991.521
1993.443
1995.947
2002.655
1975.312
1976.214
1979.414
1983.010
1983.497
1982.363
1990.510
1990.018
1987.544
1991.256
1990.214
1992.979
1991.134
1993.590
1970.966
1978.612
1993.623
1982.347
1982.886
1986.226
1989.845
1990.675
1986.688
1996.087
1986.430
1988.817
1990.712
1994.872
1974.386
1976.887
1973.328
1974.676
1991.004
1978.495
1981.945
1982.296
1986.155
1987.000
1986.475
1989.280
1989.619
1990.453
1977.639
1975.148
1973.366
1971.747
1980.127
1980.032
1989.052
1996.844
1988.748
1985.789
1987.809
1992.689
1988.881
1991.029
1972.691
1976.114
1980.272
1983.814
1986.326
1985.551
1987.567
1990.602
1987.639
1999.450
1986.764
1985.496
1991.221
1989.814
1969.251
1974.109
1971.832
1982.933
1983.156
1984.602
1983.624
1981.823
1987.824
1985.576
1989.214
1990.983
2004.601
1991.445
1969.363
1977.088
1974.172
1978.472
1980.221
1976.606
1984.123
1985.180
1986.607
1984.676
1987.370
1986.417
1990.181
1990.399
1982.840
1975.308
1976.788
1975.006
1977.717
1978.883
1983.596
1981.712
1990.738
1987.744
1986.507
1984.663
1988.350
1989.282
1968.813
1979.887
1981.071
1985.855
1972.730
1977.689
1981.233
1985.046
1987.785
1987.270
1989.146
1988.325
1990.517
2013.226
1998.689
1999.542
2004.981
2010.158
1978.799
1997.772
1986.724
1993.140
1995.397
1993.880
1996.783
1993.557
1997.187
2000.668
1974.906
1981.477
1983.824
1981.759
1984.499
1988.281
1990.317
1994.071
1999.084
1992.703
1993.018
1988.077
1995.335
1993.553
1979.413
1978.699
1978.347
1983.795
1982.651
1985.316
1981.623
1986.523
1993.314
1992.227
2007.481
1995.615
1994.928
1993.571
1972.746
1979.918
1986.727
1982.065
1987.367
1984.944
1984.906
1989.949
1994.251
1986.519
1995.570
1994.028
1998.909
2001.679
1974.438
2008.123
1908.468
1917.238
1917.468
1915.970
1924.936
1926.142
1928.823
1927.223
1919.371
1925.246
2020.867
1937.329
1912.140
1913.112
1912.233
1885.754
1888.347
1888.943
1887.984
1894.193
1897.533
1892.662
1893.006
1898.254
1903.454
1896.281
1877.907
1887.926
1889.295
1882.217
1898.019
1886.207
1886.756
1888.891
1887.352
1891.682
1897.711
1896.402
1895.679
1891.308
1883.905
1889.087
1896.431
1887.690
1879.339
1884.448
1895.607
1892.222
1896.195
1896.698
1902.220
1898.273
1892.471
1898.259
1881.326
1897.803
1893.790
1893.719
1890.774
1893.254
1898.722
1895.196
1887.153
1893.899
1901.748
1902.685
1892.237
1894.231
1878.310
1878.145
1882.880
1886.616
1887.094
1890.244
1894.241
1994.309
1893.698
1895.832
1897.275
1890.978
1899.043
1898.764
1873.625
1877.941
1882.044
1884.451
1888.935
1885.538
1888.419
1890.802
1899.411
1897.850
1890.158
1899.480
1903.072
1896.036
1885.255
1884.982
1891.516
1892.510
1884.503
1887.760
1897.234
1899.174
1900.420
1900.564
1896.063
1901.660
1893.509
1894.254
1885.287
1885.816
1889.996
1882.615
1848.138
1850.946
1852.752
1850.479
1857.166
1864.354
1859.324
1856.130
1863.499
1859.728
1844.928
1846.205
1849.349
1851.156
1852.377
1855.102
1856.365
1855.142
1858.498
1862.978
1867.789
1861.286
1865.769
1861.038
1852.847
1851.920
1851.255
1849.925
1860.170
1855.648
1854.988
1860.207
1859.492
1867.385
1866.793
1865.222
1865.846
1870.285
1854.826
1856.177
1855.201
1860.863
1851.615
1846.079
1855.035
1852.433
1852.268
1865.655
1857.449
1857.135
1856.993
1854.065
1845.023
1844.978
1843.998
1856.352
1851.300
1844.995
1854.081
1848.004
1859.700
1862.904
1855.654
1858.730
1862.541
1851.841
1845.653
1847.783
1847.587
1849.237
1849.857
1845.564
1852.952
1852.667
1856.842
1854.117
1854.472
1858.223
1859.325
1851.425
1841.865
1849.926
1849.390
1846.363
1848.434
1848.053
1851.870
1852.594
1859.911
1857.481
1867.231
1869.351
1849.087
1862.197
1844.753
1859.023
1856.545
1853.800
1844.917
1857.205
1854.009
1856.576
1862.744
1854.386
1851.347
1866.767
1856.095
1854.197
1842.207
1850.032
1839.898
1844.894
1844.400
1847.387
1848.099
1854.743
1853.079
1855.378
1857.191
1854.017
1857.641
1856.553
1846.988
1846.341
1840.073
1851.688
1854.742
1855.592
1851.579
1860.707
1854.789
1855.847
1857.571
1858.784
1863.019
1857.212
1851.324
1849.506
1850.074
1852.046
1849.255
1853.456
1857.192
1856.944
1857.427
1858.311
1857.724
1865.628
1869.142
1865.392
1846.558
1849.756
1852.383
1859.087
1853.661
1853.661
1855.098
1852.327
1863.934
1856.733
1863.221
1866.022
1855.930
1859.260
1842.154
1847.741
1854.329
1849.399
1854.824
1856.693
1859.064
1858.694
1859.717
1856.289
1859.397
1857.936
1858.740
1866.775
1853.585
1847.227
1846.802
1853.879
1855.036
1855.868
1852.490
1865.855
1869.486
1861.388
1861.523
1858.621
1863.257
1861.537
1853.307
1847.959
1856.469
1846.677
1864.255
1854.937
1863.054
1860.565
1856.704
1858.195
1864.439
1864.357
1859.819
1870.949
1850.259
1853.045
1850.354
1850.690
1852.900
1858.314
1865.803
1872.269
1860.101
1858.205
1861.048
1866.652
1862.087
1910.971
1906.773
1858.471
1858.476
1862.390
1850.224
1860.611
1851.232
1850.779
1857.281
1854.979
1858.054
1861.412
1870.596
1862.543
1845.801
1853.673
1851.718
1843.103
1849.281
1860.255
1859.721
1853.521
1868.118
1857.484
1865.220
1856.176
1860.539
1865.765
1849.809
1847.571
1860.384
1858.679
1853.920
1854.951
1849.483
1855.839
1859.656
1862.899
1859.865
1855.142
1858.303
1869.148
1850.241
1862.517
1862.513
1853.381
1860.655
1865.791
1869.999
1866.718
1870.914
1868.014
1869.197
1868.670
1868.907
1867.552
1852.833
1856.760
1864.679
1856.456
1857.618
1855.592
1860.438
1869.085
1864.256
1867.064
1867.428
1867.162
1868.664
1876.481
1854.256
1855.636
1862.964
1861.510
1857.758
1857.361
1857.364
1861.935
1863.345
1869.382
1869.818
1863.203
1871.416
1866.247
1848.622
1855.794
1851.751
1857.665
1855.736
1854.750
1862.194
1859.181
1865.298
1871.699
1877.998
1873.665
1880.793
1881.466
1857.860
1863.785
1857.651
1870.296
1868.587
1864.782
1871.795
1869.350
1869.786
1877.516
1875.044
1875.574
1876.836
1876.078
1857.100
1859.355
1855.511
1859.792
1865.076
1879.875
1864.410
1875.629
1868.372
1870.909
1862.090
1865.770
1869.731
1876.099
1852.685
1858.422
1853.546
1855.262
1861.420
1856.001
1863.256
1865.017
1866.243
1867.770
1868.172
1871.314
1872.973
1875.992
1854.657
1858.708
1861.058
1861.981
1862.118
1871.532
1867.123
1865.176
1862.936
1872.913
1865.916
1872.975
1883.245
1874.825
1855.036
1859.489
1854.456
1866.970
1863.179
1872.095
1884.231
1877.597
1875.687
1870.095
1870.957
1869.373
1874.264
1877.542
1856.083
1868.689
1864.990
1861.526
1869.589
1864.852
1872.091
1871.517
1871.584
1871.768
1869.478
1871.486
1870.332
1869.863
1856.228
1862.521
1860.351
1864.610
1860.435
1875.887
1871.676
1870.438
1870.582
1874.413
1875.774
1872.316
1871.263
1875.343
1853.400
1853.924
1863.517
1864.443
1861.642
1863.569
1866.101
1864.855
1866.576
1865.576
1867.470
1880.393
1876.089
1868.908
1859.335
1856.045
1857.297
1861.964
1870.840
1869.284
1866.199
1875.662
1878.029
1864.100
1866.936
1872.446
1880.635
1875.264
1856.082
1858.214
1859.843
1868.258
1864.373
1864.469
1873.350
1871.155
1878.552
1872.436
1868.258
1869.233
1870.344
1872.745
1857.867
1856.407
1861.917
1858.461
1860.725
1867.761
1862.394
1867.964
1870.169
1870.871
1868.270
1876.751
1871.051
1867.668
1856.481
1856.097
1859.425
1858.868
1865.795
1900.529
1897.620
1893.586
1900.232
1906.230
1905.799
1908.673
1884.168
1898.931
1913.771
1932.112
1940.327
1938.821
1942.745
1945.449
1943.936
1944.698
1943.008
1945.275
1941.373
1955.523
1956.391
1955.552
1937.601
1929.195
1935.295
1934.410
1937.676
1937.747
1942.530
1947.915
1947.934
1949.815
1942.637
1956.440
1953.392
1950.998
1937.090
1953.730
1935.691
1940.307
1944.261
1944.778
1945.798
1943.094
1945.756
1945.024
1942.365
1946.021
1939.715
1947.360
1936.319
1938.826
1942.404
1942.031
1958.122
1950.915
1948.768
1950.169
1950.022
1947.467
1954.020
1949.028
1947.698
1950.370
1935.612
1942.931
1943.898
1942.699
1941.589
1943.394
1947.180
1955.074
1949.579
1953.619
1955.719
1948.278
1952.660
1947.406
1941.312
1945.156
1946.140
1941.231
1949.718
1946.546
1950.833
1953.021
1954.136
1955.071
1967.346
1956.235
1963.850
1958.935
1940.750
1946.338
1947.856
1949.124
1947.011
1953.208
1949.725
1951.884
1959.376
1959.092
1958.434
1957.498
1958.983
1954.404
1940.803
1942.517
1944.267
1942.589
1944.034
1951.935
1954.801
1957.798
1955.109
1955.073
1956.144
1951.732
1955.675
1956.631
1941.625
1950.256
1951.558
1950.930
1952.490
1956.283
1951.421
1957.830
1956.089
1959.341
1955.212
1959.735
1957.474
1964.136
1939.777
1946.464
1945.044
1946.569
1947.491
1947.526
1949.766
1952.420
1956.080
1959.957
1955.911
1955.035
1957.842
1952.247
1935.336
1944.787
1943.040
1949.607
1952.953
1954.489
1956.206
1961.266
1957.651
1949.462
1944.300
1944.769
1920.926
1884.365
1912.534
1920.822
1914.354
1923.374
1918.060
1929.749
1934.280
1940.121
1938.513
1932.729
1932.070
1937.277
1936.644
1943.902
1921.570
1926.584
1926.067
1925.544
1937.134
1934.799
1933.360
1943.929
1941.114
1937.484
1940.661
1939.139
1938.383
1960.115
1928.884
1929.030
1927.536
1931.556
1935.566
1938.047
1936.912
1938.359
1941.088
1941.913
1943.309
1949.193
1941.678
1940.100
1925.216
1944.686
1934.898
1934.070
1937.862
1945.876
1937.023
1940.462
1940.112
1939.859
1939.777
1943.982
1947.882
1945.481
1931.591
1928.176
1927.455
1931.162
1947.513
1940.191
1945.710
1943.893
1943.528
1944.828
1945.426
1939.905
1945.608
1944.304
1930.497
1935.044
1945.192
1937.967
1934.448
1940.656
1938.670
1944.924
1938.135
1945.224
1948.894
1944.976
1951.281
1944.234
1926.900
1927.965
1932.432
1936.120
1938.515
1937.674
1937.342
1942.101
1942.246
1945.864
1948.858
1944.040
1941.312
1937.569
1927.947
1929.174
1926.436
1923.756
1935.543
1934.283
1938.702
1939.507
1948.912
1938.067
1938.676
1942.997
1943.516
1948.397
1932.108
1927.421
1940.521
1932.765
1931.738
1933.861
1935.068
1941.336
1946.038
1944.707
1941.205
1940.341
1938.047
1943.509
1917.926
1926.496
1935.979
1931.911
1956.510
1962.428
1968.629
1966.412
1965.735
1969.561
1971.230
1971.002
1969.049
1970.626
1969.631
1969.904
1968.685
1970.219
1974.571
1971.795
1974.789
1972.647
1972.461
1977.005
1980.067
1915.634
1906.505
1923.513
1913.992
1907.570
1909.219
1914.517
1919.363
1922.381
1927.872
1929.558
1908.819
1929.164
1924.611
1927.269
1925.665
1924.948
1915.227
1915.324
1913.335
1918.612
1928.202
1926.098
1922.008
1923.248
1926.451
1928.904
1923.061
1926.908
1934.054
1928.790
1912.304
1914.061
1921.931
1922.291
1923.956
1921.860
1919.892
1926.745
1922.572
1924.106
1930.820
1923.500
1923.905
1923.770
1912.369
1916.963
1914.322
1918.605
1922.331
1919.436
1914.568
1916.820
1918.849
1921.299
1923.842
1927.224
1928.570
1926.246
1910.554
1918.551
1919.750
1920.896
1920.468
1919.059
1922.523
1921.500
1925.349
1931.810
1927.490
1930.504
1926.710
1928.212
1919.576
1917.338
1917.935
1917.386
1919.094
1920.265
1923.654
1925.414
1920.606
1921.781
1926.898
1928.047
1925.184
1930.574
1919.764
1918.119
1913.519
1924.355
1916.230
1924.814
1923.077
1931.193
1923.753
1921.081
1928.410
1928.994
1929.467
1933.979
1915.922
1918.027
1914.292
1915.951
1921.765
1920.387
1921.457
1923.840
1923.324
1923.770
1926.927
1928.817
1931.503
1928.917
1912.683
1912.972
1915.442
1917.513
1922.257
1915.668
1916.900
1920.815
1923.957
1931.201
1928.192
1932.113
1933.252
1935.358
1911.502
1913.248
1888.457
1916.812
1930.513
1927.392
1930.661
1926.396
1927.907
1931.716
1930.366
1930.504
1929.735
1927.236
1909.238
1908.294
1911.725
1915.070
1915.376
1919.480
1921.039
1920.358
1930.927
1930.435
1921.907
1926.473
1921.556
1927.606
1912.498
1910.019
1915.362
1913.527
1914.727
1921.033
1922.367
1924.501
1928.045
1921.063
1928.223
1921.572
1929.323
1925.044
1910.939
1915.500
1913.665
1913.478
1918.570
1920.474
1922.432
1921.889
1920.908
1925.059
1930.982
1930.094
1923.545
1925.780
1915.871
1920.252
1913.939
1922.473
1927.095
1927.384
1929.595
1919.086
1928.498
1919.523
1927.090
1924.622
1925.116
1925.394
1918.793
1910.687
1918.558
1922.421
1920.097
1920.366
1922.677
1922.396
1927.210
1919.212
1921.679
1921.149
1924.607
1927.981
1907.369
1912.773
1922.860
1934.099
1910.505
1906.813
1914.984
1928.148
1933.186
1932.949
1945.049
1935.737
1938.283
1937.045
1922.624
1920.491
1921.861
1918.841
1918.874
1921.661
1926.445
1935.789
1941.675
1934.204
1938.612
1937.914
1938.959
1934.950
1927.421
1923.798
1930.154
1934.313
1935.488
1933.427
1933.462
1932.130
1940.901
1942.846
1939.917
1939.759
1944.263
1941.215
1925.661
1927.007
1926.460
1927.409
1931.683
1936.903
1928.664
1929.886
1929.993
1926.631
1928.338
1932.405
1932.629
1937.572
1922.080
1923.744
1926.387
1928.231
1930.207
1932.226
1933.925
1928.000
1935.316
1938.891
1934.363
1937.326
1935.048
1941.077
1925.678
1924.524
1923.415
1924.679
1930.424
1933.477
1928.953
1929.447
1930.300
1928.182
1934.041
1942.263
1937.616
1942.844
1929.277
1922.320
1930.310
1916.994
1933.307
1932.689
1931.109
1940.692
1935.468
1935.220
1933.700
1930.504
1934.446
1930.040
1921.808
1923.343
1926.215
1928.067
1935.891
1931.713
1943.155
1945.512
1937.348
1936.653
1928.713
1933.865
1934.081
1937.140
1919.157
1923.681
1926.742
1931.879
1927.479
1928.076
1933.987
1936.191
1937.172
1963.923
1983.990
1998.339
1995.265
1999.242
1981.815
1983.725
1985.231
1988.419
1995.813
1997.356
1999.987
1998.889
2001.428
2001.268
2003.421
1999.547
2014.259
2009.611
1980.661
1987.125
1991.239
1990.344
1996.637
1996.119
1994.530
2000.919
2002.322
1998.220
2000.357
1998.782
1998.431
1998.212
1986.370
1989.771
1989.022
1992.486
1991.294
1994.045
1995.877
1995.543
1992.846
1997.609
1994.541
1995.539
1997.949
2000.010
1980.832
1986.720
1988.913
1990.823
1987.961
1990.602
1992.521
1997.771
1999.490
1998.746
2000.775
1991.353
2002.520
2007.277
1974.661
1988.534
1988.380
1990.360
1985.079
1992.311
1991.035
1994.140
1998.698
1992.000
1996.952
1997.978
1992.296
1998.191
1988.009
1988.871
1993.816
1990.681
1996.486
2002.088
1999.772
1999.839
2001.762
2000.115
2002.388
2001.953
2003.206
2004.797
1986.740
1955.099
1960.918
1965.191
1967.788
1968.526
1974.807
1967.872
1971.564
1972.373
1973.014
1973.268
1969.966
1972.633
1961.128
1961.096
1964.693
1970.044
1967.038
1969.678
1968.472
1968.584
1976.609
1977.120
1973.104
1975.087
1973.473
1973.542
1952.354
1956.018
1960.514
1957.103
1959.909
1968.593
1970.193
1976.813
1968.455
1972.720
1964.297
1973.411
1978.216
1971.090
1956.535
1956.738
1957.271
1954.938
1961.845
1961.029
1958.422
1955.398
1962.009
1959.606
1959.849
1935.589
1902.714
1908.239
1902.461
1907.624
1904.271
1906.938
1910.557
1910.659
1910.079
1910.889
1911.179
1921.590
1910.163
1914.420
1912.667
1912.850
1897.584
1910.698
1908.171
1910.729
1910.728
1909.367
1913.554
1909.258
1914.578
1918.569
1918.499
1918.680
1916.839
1919.622
1902.850
1897.077
1903.871
1901.872
1909.491
1909.780
1903.823
1909.931
1905.547
1913.685
1923.096
1915.241
1914.333
1911.188
1887.102
1898.588
1901.374
1899.247
1903.131
1899.151
1903.172
1914.822
1908.605
1909.062
1908.705
1912.205
1910.039
1904.579
1894.396
1900.970
1897.016
1906.071
1906.438
1899.090
1899.427
1907.383
1908.290
1910.154
1907.782
1904.105
1918.457
1910.425
1903.893
1905.885
1901.211
1903.112
1904.255
1902.830
1909.915
1905.551
1906.229
1911.475
1909.716
1915.919
1912.748
1917.777
1900.982
1904.482
1902.187
1904.742
1892.575
1889.733
1900.811
1907.984
1907.110
1906.979
1917.156
1917.332
1915.865
1917.174
1903.709
1902.838
1902.090
1902.401
1908.081
1910.689
1904.612
1904.153
1905.791
1905.045
1904.316
1909.174
1911.656
1915.538
1900.555
1899.962
1900.589
1895.949
1907.597
1903.461
1907.463
1905.063
1908.830
1903.098
1910.514
1906.325
1908.530
1909.543
1894.671
1893.825
1894.566
1892.577
1894.527
1901.323
1900.659
1911.354
1910.005
1912.189
1912.741
1908.728
1913.116
1911.829
1894.185
1889.834
1893.554
1900.150
1912.014
1910.049
1901.887
1901.254
1908.989
1902.958
1907.572
1902.851
1914.951
1909.503
1896.505
1900.893
1897.686
1896.365
1905.688
1901.800
1904.683
1906.570
1902.219
1906.614
1903.833
1910.375
1909.171
1910.663
1917.418
1899.236
1883.290
1904.303
1910.604
1911.276
1908.934
1910.723
1917.333
1916.639
1911.921
1917.076
1919.185
1914.041
1903.562
1899.630
1908.698
1909.633
1913.407
1906.795
1909.732
1909.092
1913.865
1919.687
1916.824
1921.822
1918.420
1918.968
1897.165
1906.133
1909.295
1910.005
1902.230
1905.943
1906.068
1911.244
1905.116
1900.746
1904.547
1912.005
1907.256
1912.900
1896.528
1897.697
1898.933
1898.625
1905.270
1913.280
1912.558
1915.172
1916.419
1910.229
1923.214
1919.574
1917.500
1910.119
1899.440
1889.767
1894.835
1895.155
1896.194
1896.255
1899.560
1899.607
1897.603
1900.638
1896.133
1902.563
1910.475
1903.090
1888.260
1894.741
1902.749
1898.468
1902.569
1896.988
1904.335
1902.559
1903.835
1901.357
1908.023
1899.632
1908.686
1920.201
1891.508
1892.823
1897.744
1908.488
1897.290
1904.941
1908.049
1905.519
1903.143
1914.115
1910.848
1914.754
1917.615
1914.582
1898.300
1902.240
1897.819
1903.923
1905.795
1899.758
1908.414
1908.551
1909.329
1906.999
1911.859
1908.576
1907.851
1906.197
1890.017
1892.434
1899.203
1906.924
1898.630
1904.641
1897.965
1901.247
1899.791
1902.323
1896.934
1902.087
1915.473
1900.414
1880.440
1895.754
1894.951
1900.746
1911.975
1912.358
1913.965
1909.589
1917.590
1926.191
1918.901
1918.050
1922.051
1919.899
1900.305
1900.973
1903.824
1906.591
1903.130
1904.233
1909.774
1917.752
1917.035
1914.765
1912.246
1904.982
1915.285
1909.944
1898.846
1900.538
1903.299
1909.695
1912.099
1905.774
1907.753
1911.641
1908.163
1908.610
1908.574
1909.848
1912.688
1906.897
1900.758
1908.192
1899.316
1901.268
1902.485
1895.217
1906.144
1902.321
1905.352
1904.593
1904.173
1911.954
1907.090
1903.217
1890.222
1893.227
1890.436
1901.903
1898.785
1903.558
1905.116
1901.317
1913.278
1917.602
1910.904
1909.431
1905.869
1908.679
1890.893
1890.516
1898.311
1903.749
1905.219
1901.346
1909.387
1900.320
1906.645
1905.096
1911.810
1907.849
1904.403
1910.374
1903.558
1907.731
1900.011
1904.045
1902.064
1901.196
1894.402
1902.005
1912.210
1911.726
1912.807
1911.026
1914.239
1915.182
1898.966
1892.673
1896.197
1893.226
1898.606
1899.669
1898.303
1905.262
1910.032
1911.864
1906.866
1910.656
1907.842
1893.584
1892.277
1894.086
1890.131
1897.007
1901.041
1897.714
1899.312
1900.249
1898.573
1904.486
1902.929
1908.035
1906.051
1911.695
1896.802
1895.815
1897.212
1901.180
1899.961
1898.960
1906.902
1906.276
1898.392
1910.341
1913.227
1899.173
1909.314
1908.604
1892.931
1894.406
1891.571
1897.066
1894.475
1905.028
1906.660
1909.681
1908.638
1907.379
1908.740
1906.817
1906.004
1906.824
1890.045
1890.770
1898.849
1897.414
1894.782
1900.329
1899.194
1900.790
1893.680
1902.179
1902.355
1906.501
1914.139
1918.000
1892.866
1894.134
1897.692
1896.261
1893.658
1896.358
1902.448
1903.696
1911.462
1908.933
1906.405
1906.901
1906.528
1906.779
1887.068
1890.482
1890.740
1888.165
1901.459
1900.580
1900.479
1898.812
1898.918
1897.258
1900.588
1898.304
1902.078
1909.695
1877.815
1894.416
1895.184
1887.867
1895.621
1902.164
1896.483
1900.438
1904.530
1903.322
1910.001
1906.635
1904.760
1905.192
1884.717
1890.086
1895.951
1891.531
1903.781
1904.367
1902.469
1904.682
1896.249
1897.787
1903.015
1899.317
1908.696
1906.455
1883.395
1893.717
1889.881
1896.295
1891.700
1891.114
1898.501
1894.391
1898.547
1902.786
1900.737
1909.593
1917.974
1904.152
1886.479
1891.942
1892.408
1896.363
1904.318
1899.622
1900.199
1887.781
1897.148
1904.335
1901.039
1897.623
1902.870
1903.563
1885.418
1887.652
1890.681
1894.619
1892.983
1895.886
1904.310
1898.987
1900.929
1899.124
1906.375
1904.522
1906.415
1911.536
1897.107
1884.595
1889.568
1891.692
1900.386
1919.988
1925.915
1891.305
1903.047
1897.901
1895.077
1893.733
1901.675
1897.503
1875.284
1882.628
1881.958
1884.072
1888.813
1892.435
1888.974
1891.945
1893.757
1886.823
1894.928
1895.509
1895.249
1895.042
1874.771
1873.485
1885.170
1882.382
1882.928
1888.075
1884.444
1891.105
1889.059
1892.195
1890.167
1903.693
1895.925
1894.494
1877.225
1883.462
1883.838
1881.592
1886.353
1892.620
1889.890
1897.491
1894.276
1896.711
1901.661
1893.103
1895.449
1893.666
1877.675
1881.433
1884.384
1876.289
1887.202
1885.202
1883.358
1885.920
1886.459
1885.115
1892.495
1891.027
1889.806
1890.228
1874.459
1881.732
1879.439
1889.325
1881.944
1885.262
1886.980
1884.724
1888.380
1895.929
1890.644
1895.911
1898.808
1892.052
1883.995
1885.047
1879.937
1886.884
1883.419
1880.058
1892.130
1896.184
1893.191
1892.614
1893.103
1890.490
1891.332
1897.228
1876.070
1884.879
1882.749
1879.923
1877.174
1886.791
1886.477
1886.671
1891.988
1892.900
1900.705
1896.252
1888.819
1890.427
1876.108
1878.185
1878.906
1882.646
1892.616
1890.478
1892.679
1893.530
1893.166
1893.022
1890.851
1897.146
1896.232
1891.012
1883.346
1883.680
1884.794
1884.984
1881.884
1889.620
1889.187
1883.585
1890.727
1897.229
1890.932
1896.028
1895.665
1892.223
1881.948
1878.566
1879.825
1890.161
1885.159
1885.004
1879.531
1889.657
1889.842
1888.511
1893.646
1897.045
1890.918
1902.389
1889.401
1882.767
1877.679
1875.354
1887.746
1882.536
1884.743
1892.030
1893.285
1890.233
1893.767
1895.246
1899.307
1900.638
1887.174
1888.590
1886.636
1889.695
1884.365
1883.151
1884.833
1887.409
1890.985
1893.900
1893.667
1889.662
1895.423
1892.350
1875.370
1873.954
1880.204
1883.267
1890.866
1887.586
1892.055
1893.663
1892.091
1889.443
1891.470
1892.970
1893.152
1887.188
1873.999
1884.801
1881.311
1883.806
1882.508
1882.618
1885.936
1889.788
1884.432
1888.591
1891.286
1889.483
1895.537
1891.741
1879.341
1880.387
1893.654
1884.950
1889.703
1889.328
1893.151
1890.305
1890.036
1892.989
1896.832
1896.874
1890.891
1888.914
1875.637
1880.614
1877.814
1877.001
1880.937
1885.990
1891.234
1885.691
1887.417
1893.121
1884.738
1892.462
1889.618
1893.134
1882.765
1878.972
1884.535
1880.787
1885.022
1885.433
1888.614
1889.781
1893.397
1897.505
1890.587
1894.427
1897.237
1895.376
1883.984
1881.433
1879.926
1892.821
1885.711
1888.494
1889.767
1892.309
1891.041
1891.040
1896.955
1890.577
1888.963
1892.959
1881.419
1880.798
1880.602
1889.402
1887.598
1888.661
1885.596
1887.740
1893.202
1886.347
1894.208
1888.662
1893.865
1894.524
1874.374
1885.441
1882.249
1883.647
1879.684
1893.299
1888.851
1886.785
1895.196
1902.914
1903.400
1893.668
1904.754
1899.754
1883.063
1879.512
1890.200
1895.232
1894.662
1894.393
1895.522
1910.465
1896.520
1901.891
1899.923
1898.811
1907.015
1904.404
1887.051
1882.648
1890.693
1894.429
1901.656
1887.270
1892.318
1900.262
1910.531
1896.655
1894.718
1894.570
1901.155
1898.488
1883.953
1890.069
1896.407
1890.717
1897.246
1898.187
1899.549
1891.422
1898.244
1892.378
1896.955
1902.109
1897.301
1905.182
1888.646
1888.002
1895.587
1898.621
1894.942
1897.230
1896.896
1897.630
1895.744
1904.853
1901.586
1901.859
1900.964
1898.873
1892.781
1886.775
1885.031
1885.130
1884.130
1890.768
1892.744
1892.502
1892.259
1901.292
1896.741
1899.292
1901.572
1898.216
1886.711
1889.094
1890.547
1898.544
1895.909
1900.950
1897.686
1900.920
1907.038
1902.637
1903.273
1904.235
1902.379
1902.895
1889.772
1887.923
1891.694
1892.141
1900.694
1900.833
1898.553
1912.089
1901.368
1901.833
1896.934
1902.217
1904.378
1898.481
1879.328
1894.907
1891.763
1893.647
1896.750
1894.251
1899.330
1895.633
1899.386
1902.419
1900.608
1904.837
1904.892
1909.258
1884.190
1890.745
1894.635
1895.032
1897.160
1898.612
1899.148
1905.381
1904.931
1899.162
1903.668
1898.151
1895.999
1913.522
1887.231
1886.773
1884.703
1888.264
1887.685
1889.213
1890.353
1893.094
1895.236
1894.281
1899.964
1898.657
1904.988
1913.294
1891.303
1893.209
1891.162
1887.287
1893.001
1889.755
1892.750
1900.051
1899.613
1898.370
1899.482
1899.040
1901.853
1900.753
1889.776
1887.673
1890.082
1890.278
1893.353
1890.446
1902.463
1895.462
1895.111
1904.343
1903.503
1900.042
1900.876
1905.053
1894.558
1888.679
1889.958
1891.350
1893.886
1897.034
1889.968
1893.681
1897.844
1901.508
1903.041
1897.098
1895.635
1898.052
1890.195
1889.479
1893.720
1914.851
1909.911
1915.720
1921.076
1918.169
1920.699
1922.544
1926.769
1930.307
1931.724
1929.311
1912.061
1910.074
1911.785
1916.119
1911.141
1920.128
1926.583
1928.104
1929.074
1928.120
1922.237
1927.312
1927.325
1927.250
1915.202
1914.392
1914.691
1917.711
1923.213
1916.964
1922.491
1927.242
1920.185
1927.813
1929.091
1924.459
1929.216
1924.477
1908.603
1911.927
1922.753
1921.276
1920.750
1912.893
1928.022
1922.787
1920.179
1926.030
1919.522
1923.845
1930.359
1925.157
1915.075
1916.328
1920.694
1915.903
1920.758
1924.501
1920.368
1922.361
1919.238
1922.149
1929.440
1929.118
1925.357
1930.392
1925.871
1911.779
1912.208
1919.475
1921.232
1920.560
1918.982
1916.993
1924.444
1932.558
1944.961
1941.954
1937.544
1940.712
1919.536
1911.565
1912.631
1912.830
1917.408
1919.722
1924.167
1924.686
1920.876
1919.537
1925.511
1929.109
1933.980
1930.569
1914.589
1917.548
1915.808
1922.219
1917.126
1916.929
1921.009
1925.399
1921.001
1926.495
1926.079
1925.641
1928.746
1930.141
1915.248
1911.747
1923.311
1913.700
1912.471
1915.053
1919.615
1923.890
1924.484
1930.862
1937.040
1927.136
1931.427
1927.237
1916.811
1910.959
1910.292
1910.123
1915.715
1915.638
1917.174
1921.112
1925.880
1925.426
1926.462
1929.711
1932.608
1926.305
1912.458
1914.494
1912.659
1908.757
1917.725
1921.435
1919.573
1921.960
1930.344
1919.941
1923.021
1924.876
1920.398
1923.198
1908.960
1910.813
1915.967
1915.440
1918.549
1919.719
1918.131
1918.500
1922.362
1917.997
1925.134
1922.794
1927.766
1923.225
1912.284
1909.219
1909.761
1914.803
1918.800
1913.133
1916.522
1919.578
1914.921
1929.939
1922.195
1924.893
1920.296
1927.603
1924.213
1912.244
1918.319
1925.152
1921.048
1921.794
1922.165
1924.505
1925.164
1927.854
1925.060
1931.631
1930.286
1928.298
1911.854
1914.637
1916.229
1912.286
1919.349
1923.402
1921.808
1919.704
1929.003
1923.508
1920.489
1932.961
1917.924
1918.607
1906.567
1905.950
1902.787
1908.278
1905.932
1916.055
1921.283
1917.861
1914.024
1916.678
1909.884
1915.558
1918.800
1912.501
1901.442
1900.887
1904.942
1909.879
1910.405
1906.415
1919.677
1926.981
1922.510
1919.818
1913.998
1919.834
1920.543
1915.928
1912.964
1903.756
1901.130
1902.652
1910.019
1912.060
1915.265
1919.013
1911.412
1915.553
1914.569
1912.219
1923.207
1920.622
1896.806
1902.253
1902.831
1905.459
1907.849
1903.596
1906.026
1911.230
1905.461
1912.051
1911.663
1914.579
1914.092
1913.978
1902.442
1902.145
1900.996
1909.531
1926.205
1920.020
1922.133
1912.127
1908.865
1911.111
1912.425
1916.707
1917.980
1920.834
1900.447
1898.742
1902.344
1901.487
1899.792
1923.524
1905.670
1907.258
1914.532
1919.025
1915.145
1917.351
1919.379
1919.623
1897.137
1906.008
1907.282
1911.794
1908.643
1906.244
1912.782
1929.012
1911.291
1908.464
1915.337
1912.557
1915.528
1916.626
1902.084
1904.460
1902.865
1902.870
1906.025
1901.742
1906.975
1901.376
1899.177
1905.420
1909.269
1918.396
1910.008
1913.757
1892.504
1901.609
1902.419
1901.773
1899.275
1908.559
1905.346
1912.709
1911.709
1908.612
1910.536
1912.348
1911.975
1914.041
1892.301
1898.893
1898.755
1902.045
1905.818
1909.406
1905.069
1909.344
1912.005
1910.536
1905.402
1912.006
1913.771
1918.430
1903.618
1904.306
1909.195
1912.355
1904.401
1901.380
1905.667
1909.031
1912.523
1911.642
1911.851
1921.795
1922.754
1918.459
1899.124
1899.404
1898.517
1905.075
1904.637
1906.065
1910.168
1907.887
1911.795
1910.907
1908.299
1912.652
1910.678
1908.419
1892.532
1895.402
1895.158
1897.831
1903.570
1906.872
1901.939
1902.806
1910.653
1907.206
1925.685
1907.127
1913.711
1915.206
1901.780
1905.574
1898.909
1900.662
1905.403
1906.800
1908.839
1910.410
1910.558
1911.275
1910.239
1914.282
1920.286
1912.342
1901.975
1904.644
1903.728
1904.449
1908.811
1908.598
1907.743
1909.263
1911.010
1917.492
1907.473
1917.040
1920.944
1909.502
1904.618
1910.156
1907.626
1901.039
1906.998
1905.475
1910.453
1906.019
1908.198
1905.951
1924.553
1909.502
1918.604
1914.765
1894.309
1899.904
1899.524
1904.435
1903.762
1906.903
1908.799
1910.797
1914.830
1910.871
1909.069
1916.179
1910.605
1909.701
1894.176
1891.447
1900.216
1903.705
1910.805
1906.893
1907.749
1906.168
1923.445
1914.195
1913.057
1921.592
1914.355
1917.424
1902.922
1896.407
1911.256
1911.047
1907.203
1912.307
1909.439
1910.086
1913.457
1908.980
1912.159
1914.735
1916.877
1916.443
1900.669
1898.299
1903.423
1897.265
1907.092
1901.742
1907.197
1909.303
1902.202
1912.975
1913.123
1911.104
1908.061
1916.718
1903.030
1904.673
1907.983
1911.520
1904.323
1903.622
1911.610
1917.627
1920.368
1921.511
1918.234
1912.893
1915.198
1919.017
1899.160
1900.965
1901.197
1903.788
1909.186
1906.161
1907.210
1908.672
1910.865
1914.981
1916.117
1919.760
1921.440
1916.596
1900.411
1909.923
1911.161
1913.343
1914.112
1910.816
1915.791
1925.752
1918.244
1914.956
1913.967
1921.426
1921.617
1922.854
1907.076
1906.904
1902.705
1906.110
1911.366
1899.024
1907.973
1911.888
1912.248
1915.385
1914.829
1915.210
1916.081
1914.970
1898.762
1900.155
1903.703
1903.447
1906.701
1907.644
1909.960
1914.380
1910.730
1910.754
1916.289
1916.311
1913.369
1923.030
1902.766
1904.839
1907.239
1902.593
1908.182
1916.759
1905.556
1918.583
1910.394
1910.190
1914.154
1909.123
1916.228
1915.633
1897.210
1905.384
1906.361
1907.752
1913.587
1910.555
1907.005
1915.655
1913.654
1913.629
1908.957
1913.129
1920.761
1918.366
1902.731
1905.812
1902.963
1906.418
1906.031
1920.057
1914.176
1908.052
1910.573
1919.980
1912.224
1916.888
1915.900
1917.033
1906.781
1901.402
1904.233
1906.882
1905.434
1907.595
1911.988
1915.201
1916.218
1913.287
1912.956
1915.990
1916.321
1912.508
1898.009
1901.255
1906.391
1901.819
1908.188
1910.349
1909.574
1910.431
1909.545
1907.825
1913.688
1924.485
1917.615
1914.692
1900.527
1902.585
1902.290
1905.755
1903.777
1912.544
1908.309
1907.616
1914.800
1915.620
1913.855
1912.832
1912.412
1919.913
1910.423
1900.281
1907.003
1906.555
1905.631
1911.350
1910.393
1907.237
1908.134
1906.660
1910.885
1907.424
1913.612
1907.672
1896.072
1896.092
1900.503
1899.752
1907.116
1895.994
1902.405
1908.784
1908.022
1907.040
1912.297
1905.328
1916.547
1908.432
1891.703
1898.287
1897.853
1899.579
1904.658
1902.097
1906.965
1907.971
1903.709
1906.810
1910.482
1915.358
1907.806
1908.686
1897.893
1895.978
1898.685
1906.532
1898.864
1904.550
1902.387
1906.016
1910.168
1904.279
1919.495
1914.551
1912.742
1904.369
1892.826
1896.565
1893.271
1896.872
1907.601
1901.387
1911.336
1910.119
1912.379
1908.801
1911.152
1907.626
1915.834
1911.616
1894.956
1890.293
1887.216
1896.764
1895.801
1898.174
1895.184
1897.257
1897.096
1899.656
1899.589
1897.749
1898.751
1901.474
1878.608
1890.327
1898.149
1893.934
1894.209
1892.486
1900.759
1902.043
1897.751
1907.523
1911.448
1902.739
1901.386
1899.685
1886.273
1888.375
1886.147
1889.114
1901.571
1902.586
1890.902
1896.686
1893.819
1897.114
1902.467
1897.941
1903.362
1896.340
1890.080
1893.549
1887.335
1888.312
1892.273
1901.701
1914.357
1922.891
1916.947
1930.954
1916.865
1919.212
1931.855
1923.567
1911.488
1911.813
1907.108
1911.825
1909.362
1910.520
1912.459
1914.278
1911.732
1917.271
1916.290
1922.866
1926.779
1915.983
1901.192
1907.007
1905.697
1906.218
1910.328
1906.167
1915.002
1912.987
1919.445
1921.517
1924.488
1922.163
1921.813
1924.890
1900.755
1915.461
1908.935
1909.289
1914.962
1913.985
1912.871
1917.650
1923.184
1919.539
1921.712
1923.797
1915.426
1918.172
1903.750
1909.985
1910.157
1909.066
1908.843
1916.805
1906.688
1910.850
1914.894
1909.886
1910.857
1916.273
1913.743
1921.973
1899.808
1901.706
1898.916
1902.863
1902.520
1901.873
1913.196
1925.806
1917.987
1923.249
1922.254
1918.635
1924.831
1921.668
1905.303
1915.962
1910.632
1911.127
1916.101
1914.794
1917.725
1908.365
1903.192
1904.409
1903.281
1905.929
1903.655
1904.389
1889.957
1897.164
1892.436
1892.093
1895.984
1898.523
1895.702
1899.677
1901.579
1900.957
1905.204
1902.288
1902.634
1915.270
1896.048
1894.891
1901.540
1903.200
1896.251
1898.554
1895.585
1898.565
1907.582
1907.545
1911.559
1906.539
1906.633
1900.521
1888.857
1889.778
1884.566
1888.371
1892.047
1900.159
1902.504
1902.633
1906.755
1907.415
1905.061
1902.819
1904.005
1905.646
1890.593
1886.497
1892.711
1891.768
1887.397
1892.491
1902.044
1893.729
1893.962
1900.889
1905.758
1899.037
1906.596
1903.568
1893.714
1896.359
1900.487
1897.258
1903.595
1902.659
1901.595
1906.947
1908.083
1902.426
1905.290
1899.623
1903.892
1900.733
1888.616
1900.113
1907.340
1907.173
1914.420
1911.738
1909.768
1909.906
1913.245
1915.467
1915.096
1914.113
1929.758
1911.056
1900.712
1906.158
1905.942
1904.043
1903.214
1915.233
1917.612
1908.407
1912.141
1916.279
1911.628
1916.016
1920.621
1917.671
1903.383
1903.690
1902.295
1905.774
1907.771
1908.284
1913.300
1912.124
1915.332
1921.878
1920.337
1915.502
1912.303
1923.086
1899.738
1901.919
1900.407
1902.747
1912.196
1912.764
1912.474
1913.710
1917.382
1912.207
1914.938
1910.756
1913.672
1914.057
1899.484
1905.707
1912.572
1904.476
1909.925
1912.064
1915.730
1914.715
1915.162
1912.990
1919.573
1918.726
1912.979
1922.093
1905.625
1904.339
1908.953
1911.721
1906.017
1910.946
1908.968
1908.381
1911.079
1914.103
1917.860
1917.779
1915.750
1910.193
1906.825
1908.103
1907.741
1905.896
1918.675
1919.875
1912.945
1917.537
1914.279
1919.834
1918.765
1917.530
1921.408
1922.049
1907.874
1910.871
1903.579
1903.514
1905.784
1909.530
1913.063
1912.216
1909.963
1919.028
1922.054
1914.759
1918.947
1919.925
1902.091
1885.088
1883.789
1898.347
1882.999
1886.992
1884.423
1886.619
1888.837
1883.311
1886.550
1898.595
1887.966
1897.364
1881.445
1884.154
1881.319
1884.566
1889.953
1888.770
1893.591
1886.079
1890.721
1887.645
1888.440
1893.091
1895.789
1890.806
1885.956
1887.125
1887.128
1881.062
1891.674
1888.709
1885.373
1885.266
1888.340
1895.307
1891.992
1887.899
1892.898
1894.752
1874.250
1876.656
1887.136
1880.028
1888.409
1895.729
1888.634
1892.390
1894.433
1886.567
1894.440
1887.151
1892.918
1900.751
1875.614
1875.385
1883.762
1887.744
1890.095
1886.265
1892.720
1892.945
1896.468
1887.949
1897.198
1895.764
1897.485
1895.603
1874.075
1884.728
1889.340
1883.001
1881.733
1880.868
1891.083
1888.980
1892.917
1891.104
1892.719
1889.449
1896.962
1892.174
1871.935
1880.303
1886.371
1889.809
1890.497
1886.992
1893.093
1892.749
1897.680
1892.024
1894.061
1889.384
1897.640
1896.059
1871.165
1880.259
1877.519
1882.594
1887.003
1893.003
1890.813
1888.686
1894.124
1900.326
1892.108
1893.968
1893.772
1896.704
1887.963
1887.993
1894.378
1888.584
1879.882
1883.939
1892.947
1899.404
1890.464
1895.323
1895.786
1900.134
1897.190
1895.694
1892.325
1884.546
1877.953
1884.388
1883.786
1885.629
1890.107
1889.444
1894.719
1896.698
1884.525
1896.291
1903.845
1893.345
1881.137
1895.073
1892.358
1886.309
1892.557
1890.632
1891.486
1891.067
1895.053
1899.673
1898.302
1904.077
1898.433
1901.992
1881.850
1887.646
1887.960
1889.993
1891.092
1891.969
1892.350
1894.825
1894.361
1887.659
1899.819
1892.410
1898.728
1894.414
1881.261
1882.383
1884.951
1883.176
1888.129
1889.537
1890.176
1892.012
1905.872
1897.687
1898.219
1897.566
1895.972
1892.489
1888.711
1889.562
1891.349
1881.486
1893.481
1891.307
1891.405
1888.945
1889.079
1896.087
1892.482
1890.646
1895.508
1896.034
1881.325
1882.112
1877.919
1889.353
1896.823
1883.126
1895.507
1889.683
1893.583
1898.433
1906.567
1898.075
1897.758
1901.037
1882.654
1878.136
1880.161
1884.839
1885.796
1880.770
1890.115
1888.832
1891.783
1898.741
1888.143
1896.755
1892.732
1891.477
1882.567
1884.677
1884.042
1876.273
1886.690
1885.736
1890.433
1888.788
1890.765
1890.931
1892.992
1896.725
1892.555
1892.560
1878.903
1884.057
1885.582
1880.219
1887.956
1888.233
1887.315
1894.228
1892.710
1885.677
1892.778
1893.642
1899.107
1902.604
1892.575
1886.139
1885.481
1885.796
1888.731
1892.238
1891.400
1888.907
1896.205
1889.647
1899.815
1894.525
1892.205
1896.531
1883.473
1881.665
1885.944
1887.741
1883.527
1895.074
1894.568
1904.677
1899.883
1896.307
1901.095
1901.483
1897.598
1897.875
1884.135
1884.035
1889.561
1881.892
1888.274
1886.374
1888.934
1891.142
1893.845
1889.504
1892.983
1908.294
1920.746
1920.278
1899.979
1910.656
1893.693
1877.877
1883.794
1891.273
1888.839
1889.524
1896.248
1895.421
1896.021
1918.584
1931.860
1929.542
1915.698
1918.955
1917.622
1917.307
1921.453
1921.967
1936.202
1931.619
1922.699
1928.302
1925.448
1924.841
1921.056
1927.424
1922.242
1907.500
1916.632
1917.673
1912.707
1911.955
1921.023
1918.689
1929.876
1924.746
1919.749
1930.135
1934.655
1929.686
1918.536
1912.207
1917.179
1918.450
1920.049
1917.240
1915.279
1922.998
1922.409
1921.889
1923.681
1928.466
1929.891
1926.937
1912.103
1912.044
1913.033
1911.384
1914.879
1919.197
1922.071
1924.655
1927.436
1921.815
1930.271
1925.804
1930.733
1934.587
1914.474
1913.123
1919.359
1917.284
1913.297
1915.320
1916.221
1927.220
1922.855
1929.544
1931.960
1921.216
1929.228
1928.377
1909.880
1911.852
1914.484
1914.466
1926.945
1915.939
1917.094
1921.484
1925.041
1930.838
1924.596
1930.965
1934.589
1927.398
1908.857
1910.877
1913.864
1920.071
1916.461
1918.384
1923.541
1924.523
1922.869
1923.886
1928.757
1931.101
1928.189
1927.023
1921.064
1920.911
1922.561
1924.691
1922.629
1927.888
1935.233
1929.554
1932.263
1928.834
1934.844
1930.818
1934.185
1930.761
1915.717
1920.359
1921.051
1923.677
1929.540
1930.577
1931.615
1934.108
1920.987
1932.916
1933.284
1925.714
1929.527
1921.852
1912.511
1909.699
1910.803
1918.939
1922.845
1921.576
1916.450
1921.748
1921.429
1919.501
1918.986
1923.315
1920.342
1926.535
1908.062
1909.779
1926.567
1909.218
1915.357
1911.918
1921.311
1918.613
1918.183
1914.230
1929.119
1924.831
1927.564
1928.869
1910.933
1910.380
1923.140
1920.371
1913.695
1924.026
1928.946
1924.227
1930.035
1929.721
1933.639
1932.167
1920.814
1933.913
1920.431
1922.329
1919.675
1920.197
1919.839
1919.233
1914.131
1920.173
1931.032
1926.200
1934.254
1936.067
1930.290
1921.861
1916.707
1921.280
1931.225
1909.452
1894.571
1890.567
1894.432
1901.516
1896.145
1901.904
1907.210
1904.986
1906.677
1910.633
1889.844
1892.499
1900.256
1896.774
1899.687
1896.950
1898.149
1899.887
1900.045
1895.567
1899.188
1899.037
1903.805
1905.663
1899.173
1892.905
1892.109
1906.108
1907.094
1910.972
1910.799
1912.992
1918.985
1916.330
1918.720
1921.448
1922.163
1922.099
1912.558
1914.490
1911.424
1916.172
1914.269
1915.832
1915.721
1911.721
1914.791
1919.466
1921.619
1921.736
1922.219
1914.862
1908.141
1912.444
1902.480
1909.747
1911.261
1912.758
1920.775
1916.434
1915.831
1918.891
1920.588
1918.803
1921.318
1921.260
1904.105
1910.555
1911.010
1906.004
1912.330
1911.158
1913.364
1918.166
1924.178
1913.757
1920.427
1916.073
1909.481
1919.236
1900.395
1904.704
1905.574
1903.425
1908.406
1909.438
1906.263
1917.169
1915.091
1913.932
1922.754
1915.997
1922.457
1937.758
1905.978
1907.873
1916.674
1914.903
1916.562
1912.337
1915.817
1924.124
1921.273
1918.465
1916.269
1923.389
1913.853
1915.170
1900.313
1905.539
1904.493
1904.249
1910.126
1903.848
1910.704
1911.739
1913.637
1912.911
1913.510
1921.473
1925.876
1924.904
