34665
21832
59108
53089
50810
50526
32729
49740
48571
36218
8200
59929
50588
68754
35017
70591
44439
49389
38805
43876
64660
68613
32225
44447
29995
55873
54887
62568
34817
36575
56697
51787
30653
38268
21079
67594
54133
29130
46650
51369
35928
60576
32538
66923
28744
48847
40514
31642
44785
46683
55526
34064
35356
42280
58681
47583
50808
57567
38929
63428
51842
67655
59481
36861
40766
51617
67213
38667
63915
34505
49984
67616
45300
35523
53063
38669
51010
49712
46865
71010
45381
47444
48014
44471
55519
57987
39116
51224
46387
28948
60205
35313
67860
36123
44896
42630
65534
43300
33107
46877
39599
46057
25576
32613
40857
32868
57523
41588
46814
33870
59167
42610
42485
62243
24046
54521
51401
72515
48923
68692
46491
56958
38719
41800
27761
53212
56681
40990
46456
53922
35669
51383
22738
72642
60854
64592
62270
8183
35131
67083
44128
38183
42248
59816
34694
62525
52590
34925
40550
69120
29085
27278
8481
45177
6563
40925
53750
51659
45202
59428
75615
67443
61366
51279
43390
50245
44022
42207
50614
47982
60298
52605
39688
29777
70893
35396
46365
35771
33684
41631
74026
37654
48102
37205
54021
41967
57877
62683
36093
50606
41701
53632
54207
70763
49892
16366
72135
52903
68957
45310
47150
36557
60934
40212
76803
45207
47912
75063
9616
41819
34683
67078
27522
35279
44783
45786
66635
55070
45926
40329
51581
40558
38379
56975
29350
60308
42123
53247
57709
47751
32790
58691
27865
48192
35834
59168
55272
36376
34520
29286
40874
44797
45382
48196
35804
50326
70295
48680
57362
50897
36176
36013
51418
60364
64735
51777
55813
47011
64445
54802
42217
52685
37913
42569
58240
39617
47436
27756
42232
55842
39592
25887
55053
51910
39145
58427
14002
52145
51786
52233
50198
69819
31619
27403
65248
47515
43156
48750
44909
51894
71504
41267
56652
49370
46855
33192
64888
42179
48093
30527
51825
37387
40376
42752
40951
55353
50732
50453
31447
41707
53724
52361
8468
38536
53044
62070
62211
54015
40541
58206
59328
29446
54519
44685
43047
47573
26234
48592
41223
37876
