3685
12367
25016
36382
48364
58843
73638
92861
111074
133366
149064
173193
197213
213689
13
1950
11479
23989
41352
58804
82061
106970
124928
142638
153153
167576
183640
198093
966
18858
42063
61934
82326
99008
118135
136829
151299
165946
174796
186502
198036
208118
1367
15579
37538
55661
73549
88053
104738
121608
134866
149872
160034
175144
193108
207050
356
12455
37419
53204
70939
86039
104049
122772
137904
153647
163689
178146
193688
206070
6816
23633
39106
52399
65482
76728
90969
107569
127014
148788
162114
180711
199155
213054
256
7643
19446
35481
56049
74938
98529
123233
142479
162905
175610
193673
212877
228709
6518
22463
37643
51992
67732
80926
96832
113221
126959
142450
152714
167439
184323
198739
5461
19241
36167
50725
65238
77301
91394
105529
117681
132729
143082
159057
177288
193869
3546
13892
26705
37825
49518
59910
73770
90023
105959
128404
145107
169055
193606
211533
29
3195
6264
8522
10612
12593
15990
22318
31472
49236
68286
98830
137304
170400
995
15584
42879
62646
80687
94575
109902
124595
135511
146998
154444
167356
180494
189936
2356
18327
38078
52590
67302
79990
96351
114754
130732
149314
162334
181756
201102
214974
348
17194
48116
71952
93060
109556
128122
146937
162311
181022
193967
208858
222672
232320
906
8463
22296
37383
54992
71186
90590
112086
131032
151914
165242
183754
203329
218782
61
19292
47894
74503
101962
122467
143528
162642
176832
191687
200701
212296
223552
231672
2107
12551
29172
47206
67295
85042
106107
128086
146379
166928
179698
196303
213377
226244
1412
7662
28700
52809
75328
91942
110408
128895
143940
160494
171518
188498
207493
220556
497
10175
24831
41382
61928
81217
104791
129660
148959
168315
179937
195316
210466
221792
996
12609
29240
46378
63662
77987
94911
111904
125408
140243
149721
163820
179775
193068
972
15994
46454
67461
85608
99669
116454
132665
144708
157596
165682
177369
189504
199243
255
20332
49068
71867
93591
110475
129748
149431
165079
181706
192421
207344
223317
235952
934
9421
21332
34321
50302
64372
81648
99409
113413
128783
139024
153591
169836
183328
1528
14874
30989
46869
62318
73306
85990
99758
112248
126940
136478
150110
164680
176335
15202
22516
26873
30520
34390
37995
44316
55858
70826
96904
119111
156126
196038
225091
245
13356
36560
59452
84216
103656
124755
143991
158267
173422
183062
196532
210253
219929
1635
26743
43876
56725
68966
78728
90732
102844
113198
125833
134515
147824
163162
176267
38
8642
36247
67079
97431
121261
147038
170766
188188
206094
216761
230763
244697
254900
651
7340
21163
37200
55085
71732
91806
113290
131069
150836
163334
180877
201926
219616
483
10022
23504
39004
57892
75763
98345
122311
141216
161853
175799
196442
217975
232778
353
10732
36174
60071
82980
101674
122735
143232
158811
174449
183934
197212
211409
222608
242
12627
33786
54736
74624
89350
106060
122181
134917
148733
157708
170718
185271
197154
3975
11891
21416
32520
47047
61718
81698
105756
129978
160597
183073
215568
242094
258967
1419
15723
26919
40653
61571
82242
108799
137638
159698
181959
195374
213151
230442
243033
12
3982
12664
22620
33304
42832
55256
72327
89771
108573
121472
140213
159786
175082
304
21606
47444
70765
92380
109412
129194
148292
162773
177329
186422
198215
210245
220023
160
12277
33976
57516
80561
98113
118707
138470
153182
167885
176811
188638
200667
210490
104
4005
15726
31730
51117
68567
90619
114276
133405
153867
166765
185582
203660
215994
3899
18709
33856
48858
64173
76384
90869
106232
119658
137393
150845
170626
192340
209926
1988
18641
37720
53660
71121
86069
104679
125542
142410
160608
172238
189342
207428
219517
2626
6807
20704
38836
60004
78947
103848
131192
153653
177709
192152
211332
231327
245367
1442
23294
46116
62958
80068
94315
110142
125436
137643
151010
159760
172989
186513
196324
975
8578
20464
34962
55228
74452
97912
122205
141677
163172
177765
198635
218110
231559
787
18141
45500
70417
95030
115019
137395
158082
173883
189523
198773
211342
223562
232783
553
6602
18869
30414
43127
55188
70871
87982
102272
117626
127733
141326
156032
167590
809
11622
33029
51461
72875
95803
122102
144503
161809
180302
191987
207789
223812
235320
4458
19727
31824
42004
53683
64806
79092
95191
110273
128212
140315
157907
177418
193379
87
7479
20948
33543
47049
58736
73229
88659
101242
115824
127406
146681
164764
178117
5065
18634
32836
46804
61934
74974
90711
107797
122266
139135
150237
165797
182407
195609
3332
16042
33724
48930
64204
76778
92403
110267
125792
143606
155752
174422
193880
208134
674
10798
37903
58100
75191
88082
103012
117603
129797
144259
154321
169297
186058
199684
744
6791
20546
36646
55955
73050
92911
112911
128450
145392
156237
170451
185143
197658
1851
10252
24300
37361
52920
66990
85398
105846
122684
141204
153686
171330
190825
207234
998
16407
31990
44100
57342
68993
84136
100888
115038
131118
141556
156584
172301
184404
71
10102
38133
62107
86517
106771
129916
152399
169417
188354
200914
216741
231237
241694
4779
22916
38337
49074
59715
68898
80886
93664
104381
117186
126115
140448
157776
172166
3366
15992
36563
53207
70627
85536
104323
124410
141570
162236
174315
190339
205859
217203
989
20482
42229
60259
79190
95458
114611
133015
146602
160501
169274
181132
193701
204252
321
10961
27869
40819
54587
67603
86049
107736
126996
150133
165613
186309
206331
220537
2643
27088
48832
65894
81660
93431
106534
119737
130740
143127
151752
165452
180354
191179
757
14266
34627
54912
76876
95027
115926
135964
151669
170562
183329
200677
217445
230366
1885
20815
48522
70783
91541
106374
122609
138241
150718
164505
173371
186709
202341
216076
1510
17771
41366
62363
80862
95039
111350
128509
142015
155946
164407
176320
188749
198434
7175
18682
28889
38286
49790
60643
73618
87890
101633
119847
132896
154660
180013
196809
508
11555
27163
43369
62774
79876
100311
120890
136798
153721
164449
179449
196326
209777
2631
22541
40606
53365
64421
73134
85140
99999
114761
133138
145826
164350
185797
202081
1548
23803
50451
69913
87692
101350
116065
129564
139948
150829
157867
167900
178720
187716
7245
18965
29470
40329
53063
64999
80949
100427
118634
140501
156131
181121
211333
233007
828
23155
50439
65942
79198
89369
100215
111328
120861
132624
140863
153146
167356
179232
1799
12704
25580
36238
49544
61266
76183
93428
108695
126947
139405
158425
180185
198851
1700
12511
31322
53509
79271
100158
123304
145479
161472
177785
187941
202095
218251
232459
650
17322
46277
71006
92190
107665
124693
141165
154003
167993
176932
189256
203156
216353
1179
13098
30707
47864
66802
82864
101931
121352
137131
154750
166502
183552
204142
220400
287
5891
22220
37637
51929
63626
79104
96555
112168
131079
145237
168899
190270
204526
285
10492
35024
55835
74249
87914
104849
122721
139566
157060
166449
178810
191597
201864
1251
14119
27780
40646
55200
67489
81739
98070
112626
130180
142191
162306
185790
201384
509
15588
35783
53484
70924
84740
100598
116361
128705
142253
150982
163230
176693
188463
7169
21290
37273
51686
64418
73878
84674
97172
109635
125693
137710
156505
177633
194862
1805
14898
35050
48611
60987
72001
85627
101340
116003
134823
147708
163426
180178
193485
345
18078
49448
74440
97150
113764
131236
147506
159889
173138
181879
197199
212956
223765
4483
18668
32683
47402
61030
71220
82808
95196
105989
118900
128006
142407
159434
173788
928
8817
30008
50330
70451
87371
108714
131450
150763
173244
188848
211092
231587
245881
2995
22176
38835
49524
60064
68822
79951
91784
102394
115431
124467
138736
155028
168272
2714
19098
34281
46158
58536
69063
82808
100026
116947
138195
153009
174545
197350
215845
745
20524
43533
57619
72813
85328
100036
115526
128349
143140
153067
167886
184273
197441
1721
19818
41637
60680
78505
92883
110092
128036
142784
158923
169416
183675
198878
210719
270
12244
28088
40999
54612
66849
84651
108200
125767
144384
156785
174338
192320
206242
8109
25428
40392
53104
66804
79055
95087
113132
129270
150753
165076
184125
204618
220181
1914
19128
34788
48600
64183
77447
94261
114397
134543
154541
166853
184094
202325
216090
346
3710
16469
31196
47522
62772
83640
109961
130671
150742
162946
178906
195082
207339
371
12388
40047
63550
85271
101603
119162
136081
149447
163970
173083
185666
198766
209312
977
9049
22138
38017
57431
76258
101259
129187
152667
177088
191709
211141
231196
245086
68
14723
46626
71370
94563
112364
131699
150212
163859
179288
190590
205300
219093
229475
1689
8369
20874
39069
63457
86168
114470
142443
163116
184494
197819
216675
236696
250500
1022
16872
32843
46969
61868
75212
92626
111812
127954
145998
157427
172986
188850
200805
1467
8634
25182
46001
69053
88105
111182
134119
152032
171350
184040
202935
221467
234762
2153
22085
48426
68317
87994
104780
123996
142823
157342
172609
182080
194746
207483
217406
1560
8988
26091
46603
70926
91681
115726
138470
155635
173139
183483
197057
211618
224190
3855
12906
21968
35502
52542
67526
87016
109970
130798
154974
170974
196304
224308
243076
1105
14940
34090
49031
65793
81266
97039
113983
129028
147127
159546
177253
195383
209110
15189
24639
32504
40842
50364
59214
71735
87437
102470
120834
133638
152963
174627
192418
3956
23790
35561
47937
62275
75428
93745
115056
133125
153046
165484
182438
199766
213117
2541
5611
13770
28374
54717
81194
111040
137767
157601
178929
193413
213594
229955
241276
15597
22949
28432
33452
39776
46793
59418
78396
94583
113268
125894
146029
170991
190898
730
11200
26984
43641
65652
85352
109562
134461
153868
174379
186971
203693
220081
231881
5352
14334
23865
34565
47909
61388
80774
105619
127632
153992
171827
197905
224150
242387
148
16254
41682
59996
75853
87162
99279
111680
122697
135957
144946
158655
174173
186533
6282
22679
33879
42911
53145
62978
76396
91671
104969
120722
131857
148871
170026
188167
440
9550
29319
49979
72509
91070
110820
129042
143329
159105
168975
182960
197327
208401
5992
16473
26097
35243
44592
52423
63614
78074
92569
113617
130783
151037
171986
188651
880
16812
41061
62142
82489
98338
116145
133633
147327
161898
171208
184573
200085
211839
370
11526
28433
45009
62429
78601
99362
122643
140658
158866
170123
186053
202257
214363
4925
16917
30556
44373
58523
70002
83712
98099
110830
127514
139636
157927
179191
197952
210
15929
42186
65676
89769
108529
129509
149981
166062
184425
195954
209404
222287
231756
217
6601
15480
25754
39875
54088
72880
92803
108770
125969
136953
152256
168314
180712
2826
17224
36175
57824
82386
101957
123115
142017
159092
179972
191592
207645
223109
233848
1680
16843
37512
53657
70127
84720
103691
124226
140664
158867
170302
186009
202221
214621
1114
25739
55509
75203
92703
106231
121783
137315
149436
162580
170809
182645
195071
204631
4941
22097
38070
50836
65028
76842
90860
105955
119613
135697
146730
163256
181395
195912
85
13865
45835
71965
92614
107902
124914
141927
155475
170618
180605
195541
212974
225944
2188
16890
33792
48881
66191
80673
97961
115672
130036
146614
157872
173311
188174
198897
98
12253
39319
59751
78392
93004
109948
126434
139616
156463
168881
183995
198450
208992
3304
17978
30835
40057
49423
57981
69336
83617
98672
117352
130417
150398
174471
194797
4183
14884
27350
44636
65789
83515
104239
126336
145117
165456
178740
198328
221532
237923
14850
20467
25058
28210
31406
34603
40378
52591
69773
97212
119364
153105
189122
215899
6749
25177
42238
55100
68640
80093
94514
111170
126240
143527
155017
171849
189464
202686
2542
23489
43020
59018
75868
89701
105738
120907
132829
145936
154576
167196
182244
194716
1171
11008
26579
43433
61255
76285
93578
110856
124782
139948
149935
163639
178795
190940
1483
16090
32949
48907
66737
81296
97660
115418
130802
148726
162440
183620
200071
211746
71
10753
33277
57504
82382
102779
125829
148199
165733
185948
198910
214898
229844
240307
1643
11650
23645
38066
57454
76212
99753
123571
142645
166600
183372
203749
222171
235054
3347
20150
37173
53917
71276
85347
102399
119828
134099
149714
161232
179375
195828
207818
62
6044
14620
24241
35583
46404
60381
75308
87584
102914
114706
134873
154293
168775
188
13600
47143
76806
104126
124242
145623
165242
179782
194517
203620
216162
228961
238906
689
11414
38012
64770
91973
114112
138840
162683
183932
205450
217231
231659
244868
254166
339
15810
44930
67874
89961
107433
127234
146483
161640
178173
189379
205070
220323
230997
228
17751
44074
65273
86348
103476
123616
143772
160497
177681
187780
201222
214914
225214
15
2647
6234
8491
10627
12541
15235
19223
24701
36179
47925
71497
107731
138488
66
4192
18108
38330
61954
82255
109317
139394
160231
180703
192806
209059
224453
235415
2387
24810
49967
69767
85430
97020
110618
124585
136340
149888
158877
171686
185245
195971
2363
26610
36108
45679
59062
73962
94356
117854
138727
161495
175981
194863
213859
227658
913
9834
25651
40260
55107
67410
82586
99637
115427
133914
146021
163063
180632
193874
3936
19087
32679
43838
55693
65708
77490
90744
102209
116512
127458
146894
169229
184854
1429
19886
42887
62732
83479
100925
120294
138746
152832
167538
176440
189008
202011
212816
8404
22820
29445
35663
43730
53069
68020
85837
102969
126767
144470
168813
193487
211711
1479
29048
51915
64096
74234
82048
91825
102969
113110
125197
133955
147559
163937
177714
2053
22228
40460
54637
69091
81322
95843
110678
122891
136883
146077
159701
175932
190429
1939
7580
21694
37134
55307
74685
102963
135891
162893
190864
207598
229051
248978
262072
5506
15443
29094
42719
59071
74604
95269
118240
137728
160911
176907
199937
224226
241751
517
17676
48140
72284
92760
107221
122417
136121
146515
157389
164985
178534
192033
201988
15737
21087
25675
29675
34089
38631
45783
56212
67328
87830
105461
133386
163303
186415
14974
20401
24683
27710
30986
34011
39629
51435
67382
93014
114636
152018
194398
224811
2
2198
6104
8880
13982
18701
24862
34179
46858
64842
78590
103751
137012
163712
53
5482
26015
48693
72747
92390
115748
138784
157109
174884
185664
200263
214744
225500
6
703
4015
6984
10236
14380
22224
37211
55272
79120
95538
121378
152676
177748
297
8110
25410
43722
63937
80623
99023
116681
130570
146619
157726
175229
193414
205921
1160
16354
38254
56429
74446
89012
107780
128725
147653
169452
182968
200126
217051
229620
1983
11693
33706
54455
73663
88511
106116
124492
140113
159349
173322
194552
215183
229947
4145
22322
36150
46675
57790
67755
80965
95468
108303
122849
132953
148125
165150
180183
266
10613
36497
63439
91042
112428
135907
158695
175941
195470
209163
225462
239910
250097
499
23663
55326
78964
100385
115827
132681
148513
160209
172513
180244
190896
202267
211771
507
14771
45039
71072
94118
110607
128353
145614
159052
173385
182380
194898
208025
218630
6250
25941
45456
64136
83581
99369
117516
135812
149789
164831
174221
187579
203139
216418
1155
17716
36353
54010
74697
93703
115598
136335
153643
172040
182787
196760
210640
220999
2152
13690
29775
45760
62901
77818
98317
124880
144817
165499
178733
197383
216593
230375
2343
18894
37099
52366
67131
79308
94065
109866
123846
139176
148255
160661
173426
183155
2817
18637
33121
46014
62193
78420
99428
121688
140046
160269
172870
190561
211882
226223
1556
14716
31138
44064
58323
72028
90449
111413
129076
148142
160370
177421
197209
213176
1078
13937
35172
53195
71656
87756
107825
129722
146952
165920
178580
196072
212666
224919
4962
21730
35983
50133
66553
81442
100058
119967
135969
154194
168496
188000
206387
219820
1397
21545
45069
62511
77351
89213
103688
120381
134923
151739
163747
181391
198033
210411
6145
23912
39252
55060
73372
89115
108123
127250
142802
163976
176420
192711
209391
221907
5092
20852
31743
41039
51553
61621
75350
91509
105305
121623
133190
150492
170789
187559
280
7344
19138
31860
47345
62225
81577
102965
120499
141942
157879
176802
195085
208611
989
23408
52836
73278
90445
104968
123302
141933
156371
171505
181296
194893
208982
219516
812
7523
21458
37966
57918
77263
99163
116957
131370
147231
157136
170785
185257
196362
1362
18330
34578
48400
63071
75135
89375
104198
116776
131330
141052
154195
167290
177233
151
10352
23726
38127
55081
70421
90068
112082
131296
153267
167904
187199
204131
215654
4693
14318
24319
35443
47907
58770
72873
89360
104231
124201
140735
164066
186598
203956
514
11279
27344
44374
64895
83393
106077
129264
147328
166481
178329
194599
211365
223992
60
16951
51330
77580
101375
119230
138755
157291
170690
185311
195261
209374
222085
231021
723
8153
23168
40332
61864
81232
104600
127662
145260
163255
174569
190313
207477
220592
2410
21633
38214
49846
62712
74235
88361
103158
115806
131189
141976
158003
175817
190415
1659
6843
19438
41069
71812
96639
124415
150788
171539
194144
206279
221163
235568
245776
2159
19170
39104
56531
74593
89436
107363
126677
143268
162692
175902
194083
211741
224592
2219
12506
26105
44988
67949
87970
111362
134140
151802
170327
181694
197515
216864
232045
6426
27368
44891
60143
75944
88510
103859
120520
135155
157166
170161
186130
201101
212609
2624
22881
47573
64944
80132
92194
105416
118408
129436
142920
151955
165169
179912
191437
1386
8508
22145
38498
55216
69255
87031
106690
123008
141671
153725
170305
187680
200731
6947
24427
39446
52600
67684
80785
98056
122322
140462
159649
172212
189852
207227
220153
4847
20310
32572
43291
54691
63923
74924
87533
98756
113484
124769
145121
169996
187813
569
14156
35550
56884
79552
97336
117583
136927
151336
165576
174236
186023
198448
208106
1038
11710
34829
57275
79564
99285
123656
147337
165332
183929
195367
210958
227429
240523
1688
22761
52918
73544
91465
104809
119392
133617
144802
157392
165615
177432
189968
200160
2638
17909
36253
52326
69782
85688
104520
123920
139195
155248
166150
182813
200862
213884
542
1105
6588
18519
39121
61528
89767
117565
138707
160956
174312
191869
209588
223383
128
14214
48169
75861
100599
119572
139795
158726
173032
188051
197356
210142
223065
232527
2088
20813
39797
55228
71905
85932
102492
120775
137474
156779
167922
183282
199578
211910
712
25104
52079
71644
87852
99673
112947
125723
135537
146022
152938
162556
173169
181967
126
10714
29582
48169
69624
88979
111874
134575
152209
172745
184796
200404
216063
228319
4149
18885
35604
49309
64336
76095
87991
100567
111415
123494
131665
145343
165831
182230
571
14121
26750
38262
51708
64335
81583
100962
117057
136306
150167
170726
189529
203309
1475
15716
42320
64017
84961
100375
116020
129921
141372
158146
167209
178673
189813
198712
875
8668
24349
43146
64219
81660
101833
123348
142452
163461
176123
193262
211152
225554
249
21434
55665
80111
101293
116539
132416
147830
159546
172069
179906
191012
203795
213482
1456
13503
32536
47336
63408
78157
97701
119237
135810
153446
164505
180473
198760
211887
821
14656
34012
50324
67059
80578
97049
114863
130173
147785
160049
178359
197099
210506
658
27352
55150
78381
99921
115913
132909
148236
159733
171984
179938
191846
204901
214481
100
4194
7489
9974
13251
17136
22764
30156
37807
52910
65689
83631
103696
121829
2720
12183
27866
44233
61577
77419
99214
118303
133191
149394
159623
173974
189031
200616
6632
16253
25998
36327
49002
61653
78915
99544
119851
144629
161252
184984
211593
233156
765
31942
54748
68828
79784
88703
100554
114285
125807
138704
147239
159885
174349
186669
1470
8741
17719
29493
44898
59161
78105
99547
117926
139057
153726
176489
198544
213465
13
9160
23611
37536
54264
69854
89583
109228
124418
140473
150528
165453
182163
193639
4488
20543
34362
46734
61972
76490
94952
114192
129775
149567
164160
182790
200318
213242
4678
19557
34579
47565
60089
70564
82515
94957
105795
119316
129262
144564
161506
175246
673
18174
46657
69976
92312
109776
130460
153364
168074
181896
189873
200981
212289
220989
5552
23044
40821
57390
74032
87711
103884
120326
133527
148218
157683
171036
185688
198364
1771
16340
32502
48234
65485
80755
99963
120265
139716
164703
179290
199313
219294
233186
3373
18234
31189
41987
55445
69017
87621
106786
122367
143042
157814
177853
197870
212720
746
20378
37338
54130
72465
87366
104810
123394
139291
156976
168230
184419
201446
214528
3637
15930
28583
42787
59296
74678
93773
112923
128021
144719
155831
173190
194174
208900
4085
14045
26154
40780
58763
75482
96951
120826
141418
166423
185875
209659
230863
245258
905
18068
40849
59743
78477
93751
111947
130606
145579
161933
172328
186481
201560
213490
699
5414
17757
31341
46089
59214
76001
94303
110323
129586
142942
161803
181207
195346
2798
25485
45964
62816
81623
98287
118682
138570
153061
167786
176851
189450
202842
215698
423
12319
28274
44696
64373
82214
107933
132014
149767
168623
180922
197882
214910
227175
1052
15499
38297
55885
73952
89570
108770
128924
145156
162526
173219
187967
202838
213990
2266
23126
43493
60148
76652
89703
105305
122646
137662
155143
167024
184945
203976
216839
2696
14074
32751
50089
67183
82457
101572
122291
139517
158523
171237
189392
210503
229430
1984
9167
20762
35139
52665
67307
84938
105641
123985
144142
157115
176156
198584
214881
2159
21114
44172
60961
76573
89313
104325
120122
132868
147095
156266
170229
186926
200451
3169
10620
19991
29484
43101
57070
77019
102256
125898
154562
176613
204258
229421
247224
1267
18644
36298
50364
65188
77778
94885
112984
126054
139941
149145
162167
176088
187373
2615
12848
26706
37355
48379
58620
72876
90759
107361
128878
144507
168468
196359
216868
7206
27005
44940
61716
79906
95408
113571
131947
146504
163438
177456
196096
213968
227677
66
13228
37918
57908
75381
89780
106794
123897
138246
154210
164113
178563
193899
206530
1355
10520
24348
38679
55214
69915
88558
109283
127862
149111
162538
181359
200955
216880
1
2225
18311
37310
57715
73895
91682
108624
121004
133822
141915
152960
165179
175446
2609
5555
13802
32925
61193
83170
106233
129918
148910
169293
182143
199663
217254
231677
966
11477
26533
43811
66076
85529
107055
127755
144319
162734
174706
192027
210989
226089
7736
21754
34375
46596
58825
68494
81129
95971
109030
124845
135689
151582
169530
186294
5688
20666
34431
47295
60901
72858
88192
110429
125936
144013
155612
170734
187351
200726
18
5817
27861
51614
74296
93047
115385
137961
156590
175000
185731
199617
213382
223534
1
1842
17265
39415
65384
85401
106986
126469
140495
154118
162066
172271
182212
189511
155
14789
35138
52888
71788
86113
102593
118672
131133
144990
154156
167736
183500
195423
1165
25988
53007
73016
92434
107648
124987
141881
154328
167156
175545
187770
200449
209297
471
10277
30291
51895
74317
92565
114841
138174
158749
181629
194500
211093
226993
238505
5697
29734
45997
59375
72694
83814
98217
114353
127966
143787
154216
169056
184505
196447
96
7705
30645
54091
73932
87696
102659
117354
129645
144159
154007
167467
181063
191623
5254
15377
25258
38047
53753
69582
91034
113637
132783
156110
175629
202427
227526
244105
4098
13618
25807
37823
50944
62857
79656
99406
117574
139861
155788
180029
207671
226669
3749
19656
37608
53761
70236
83621
99237
116120
130244
146331
156911
172017
188212
200609
46
10118
39248
63934
86529
103835
123857
143984
160820
180725
192720
208546
224121
235575
1012
26715
50337
67230
84503
99345
118587
138782
154392
172182
182868
195727
207962
217143
8356
25579
40063
53783
69396
83073
99863
117955
137790
157279
169285
187143
206118
220759
4913
21546
41175
58279
75882
90531
108260
125959
139969
155618
165948
181407
199469
212551
411
11373
31937
49544
67612
81878
97841
114519
127986
142924
152695
168320
185591
197627
2575
24921
47257
67410
88562
105709
124517
141430
154188
168230
177371
190898
207448
221316
1949
13679
36641
57769
77044
92629
110459
127920
141351
156002
165632
180136
198828
212006
3130
18127
32354
43896
57669
70819
88231
106508
121448
139549
153347
173253
193330
208538
2141
18642
38639
55042
71756
85757
102348
119681
133904
149689
160211
175895
193181
205857
5
8450
24019
40444
60240
77999
100794
124376
143129
163531
176323
194111
212629
227763
671
9867
27259
45333
66383
86085
111489
137078
156294
175819
187396
203179
219182
231560
1
4492
30768
62948
94989
119340
145742
168944
185701
201863
211284
223316
234854
243483
306
11404
28002
41538
55601
67150
80820
94757
106114
118866
127508
139819
153710
164895
3213
17940
37150
49075
60214
69611
81983
96743
110636
127901
139664
156345
174842
189734
15506
20712
25103
28245
31521
34390
38891
47467
60492
85022
107965
147802
193006
225699
818
10904
28035
44645
62965
79384
100080
121248
137936
156358
168392
186302
206108
220596
80
15917
38823
58741
79633
96836
115662
133486
147528
164031
175288
190006
203984
214263
7083
17634
29306
41510
55500
68069
84228
101871
116488
133444
145106
163031
182852
199258
240
4994
15283
27965
44768
60153
79437
100401
118605
139223
152199
170154
188429
201890
6080
26948
43179
57196
72731
85497
101208
117208
130704
146832
157593
173433
189967
204769
4052
24904
40706
53665
66629
78516
93852
111178
125645
142634
154051
170396
187704
201063
3511
17761
30633
40661
53314
65499
79900
94920
107797
123279
133716
148874
165509
178735
691
16132
41030
61249
81188
97105
115009
132823
147237
162740
172521
186450
203156
215828
3
1524
7535
15290
26450
38632
57859
81004
103485
125340
138472
156231
174296
187526
1782
17616
37490
54538
71771
86329
103833
121328
135578
151212
161682
176742
193130
205993
4361
26511
41704
53482
66215
78336
94407
112083
126864
143699
154858
170267
187094
200771
1555
14865
34714
55254
77336
95706
116868
138162
154756
172103
182775
197077
212383
224442
676
10745
34223
52940
73446
91028
112172
133077
149556
167048
178358
195124
211727
223276
132
18209
47047
73733
99507
119316
141513
162305
177648
192838
201770
213673
225470
234570
482
7464
20170
33770
49576
63428
81189
100824
117388
134953
145981
160927
176790
189351
14947
20476
24867
27840
30967
33888
39164
50740
66448
91984
112979
149100
188983
218995
962
30621
53091
67089
78855
88598
101056
114917
127071
141195
150866
166522
182811
195118
3447
14359
31587
50473
72676
92213
114574
135622
151194
167249
177371
190978
206514
220208
2157
13909
33580
44766
56193
66744
80280
95416
108251
123734
134409
150168
167859
182219
489
18035
36052
50713
64375
75949
90401
106592
120687
137101
148102
164129
182371
197186
5089
20310
33764
46897
62472
75670
91262
107120
120212
134878
144652
160124
179844
194150
1629
19586
38226
54249
70813
84731
100682
114951
125800
137587
145198
156348
168920
179266
557
22093
50664
74739
95223
110502
127167
142730
154840
167860
176014
187638
200025
209695
630
10234
27590
43656
61073
75851
93533
114440
133968
153081
165536
182845
199312
211338
692
12470
38274
59630
79759
96020
114680
133229
147434
162751
172643
187009
202843
214919
1412
15225
35726
51479
65291
75886
87745
100098
109978
121397
129127
140641
154201
166025
710
10272
29203
49973
72048
88347
105985
122263
135075
148545
157197
168845
180690
189554
14601
22437
28569
33971
40075
45957
55000
69679
88123
113802
131437
157197
184504
206103
3198
25082
47712
67700
87059
101945
119245
136648
150360
166096
178347
195824
212608
224529
186
7836
24991
45339
68862
89189
113315
137142
155523
175935
188000
203894
219309
230763
5950
22378
36748
50082
65322
78624
95258
112936
126910
142607
152701
167646
187348
202437
3759
11491
21433
32475
47803
62577
83936
111779
136763
163765
181358
211161
237659
255002
1531
10414
32720
54919
75144
90107
107316
124142
137748
152588
161969
174914
188642
199154
2432
11753
24423
39999
59509
75622
94705
114755
131083
149530
162105
183190
206084
221931
596
14461
31073
41867
53058
63666
79252
100167
119466
143655
161069
183706
204442
219170
5620
17442
31769
44579
57211
68232
82057
97620
111347
129281
143423
166110
191160
211303
7387
20177
31984
42487
52651
61411
72465
85208
97162
113108
124542
143506
166840
182729
2797
15724
36147
58552
79973
97542
119310
142906
162402
183635
196890
214688
233073
247656
3410
24116
39887
52643
65622
75957
87422
99160
109399
121171
129460
142522
157750
170499
352
16869
36024
53055
71172
85826
104377
124512
140092
156152
166682
182569
199456
212468
1052
8509
19084
33782
51612
65876
82542
100017
114615
130951
141237
155550
170070
181171
5726
17974
30480
43782
58655
71202
85839
100431
112306
125361
134140
147671
164029
179171
638
18452
41236
55767
70806
84178
100667
117161
130092
144126
153188
166125
180151
191441
1457
17693
38700
54610
70792
84495
100845
117780
131371
146338
155713
168887
183395
195265
1
794
4921
9225
16533
26446
40988
59778
81543
111199
127692
150420
173820
191275
8265
20073
29926
40160
52055
61996
72791
85406
97879
115464
128932
151030
176951
193774
57
12345
36815
55654
70685
81438
94178
107997
119983
133901
143131
157423
174821
190072
112
9666
39985
65682
90502
109668
131030
151046
166381
181946
191591
204587
217915
228042
7628
30429
49143
64362
80474
93962
111426
130305
147058
167461
178012
191692
205240
215249
338
11612
35638
57105
79563
98266
120417
143388
161912
181653
194127
212624
231183
243403
5189
16346
29084
42644
57491
70111
86209
103206
118413
137480
151475
173179
197123
214962
2532
20025
41998
60941
79843
94912
112039
129689
144106
160088
170407
184251
199081
212847
118
12347
39565
62532
84088
101566
122725
144409
159237
174480
183952
197253
211416
222507
673
5536
17669
31616
48210
63512
82370
102610
119769
139934
153419
172913
193407
209442
3903
24930
43714
56104
67433
77228
89029
102701
116646
134417
146167
162630
180303
194431
4046
17387
33933
46610
60921
72449
85312
98251
109411
123059
132640
147741
166587
184191
2317
12528
28005
45865
65801
82190
103748
127045
147922
174761
189287
207444
224372
236513
899
10900
31227
50141
68064
82987
100931
119080
134640
151948
163068
179053
195931
208702
2503
5127
12062
29991
59495
82528
107515
131510
150408
171236
184726
205370
225397
238109
4527
20806
36745
50599
64406
74068
85001
97089
107736
121190
130452
144276
159667
172967
1724
9749
26142
44014
64458
81904
101891
121571
136860
153240
164123
179692
197099
211474
1353
10999
25174
40265
57996
72953
90679
108195
122066
137326
147564
163487
182828
196056
