81057.57
225754.66
434787.85
611645.19
884982.84
1013607.82
1206552.87
1512035.18
1737140.48
2042638.39
2348120.70
2717939.12
3184206.23
3425399.67
72.59
16393.87
64969.43
209682.55
499092.32
804590.23
1270873.37
1753228.62
2042638.39
2332048.60
2541081.78
2685778.87
2975188.64
3248526.73
16393.87
306162.87
595557.04
820678.37
1222641.01
1415570.46
1753228.62
2106958.90
2444601.03
2685778.87
2910884.17
3023421.00
3200278.34
3393239.42
72.59
241826.77
499092.32
852822.59
1206552.87
1431642.57
1753228.62
1881853.60
2042638.39
2299888.34
2444601.03
2685778.87
2991276.78
3248526.73
16393.87
209682.55
675949.66
901054.96
1110072.55
1415570.46
1704996.26
2106958.90
2444601.03
2669690.73
2894812.06
3055581.25
3248526.73
3425399.67
64969.43
306162.87
499092.32
740285.76
933215.21
1142248.40
1399498.35
1672836.01
1994390.43
2524993.64
2637546.51
3103813.62
3377151.28
3570096.76
72.59
97129.68
241826.77
386555.48
595557.04
772429.98
1222641.01
1608515.51
1881853.60
2219495.73
2460689.17
2943044.42
3312846.80
3618329.12
48850.52
290090.76
466948.10
692037.80
884982.84
1061840.18
1303017.59
1528123.32
1704996.26
1962230.18
2203423.62
2524993.64
2766171.48
3055581.25
97129.68
338323.12
579484.93
772429.98
997535.71
1142248.40
1335177.84
1592443.39
1833621.23
2042638.39
2348120.70
2524993.64
2814403.84
3103813.62
48850.52
257914.91
466948.10
627717.30
868910.74
1029679.93
1222641.01
1399498.35
1737140.48
2026566.28
2348120.70
2637546.51
2975188.64
3296759.09
72.59
32669.21
81057.57
113217.82
129289.93
177522.30
209682.55
306162.87
450859.96
852822.59
1190480.76
1704996.26
2332048.60
2782243.59
72.59
193594.41
595557.04
852822.59
1206552.87
1447730.71
1688908.12
1946158.07
2155191.26
2380280.96
2573226.01
2750083.34
2991276.78
3168134.12
32669.21
274002.62
563412.82
917143.10
1094000.43
1270873.37
1528123.32
1817533.09
2058726.53
2396353.07
2573226.01
2798315.70
3152045.98
3441471.78
72.59
209682.55
563412.82
981447.57
1463802.82
1640675.76
1865765.46
2074798.65
2380280.96
2605386.26
2894812.06
3184206.23
3457543.89
3521864.39
16393.87
129289.93
370467.35
547324.68
788518.12
1013607.82
1254785.23
1672836.01
1962230.18
2235583.87
2476761.28
2926956.28
3361079.17
3618329.12
72.59
161450.19
515180.46
949287.32
1399498.35
1704996.26
2123031.01
2460689.17
2669690.73
2894812.06
3071669.40
3296759.09
3521864.39
3682633.59
72.59
161450.19
386555.48
579484.93
756357.87
1077912.30
1351265.98
1785372.84
2042638.39
2428513.32
2637546.51
3055581.25
3296759.09
3521864.39
48850.52
241826.77
531252.57
965375.46
1447730.71
1624603.65
1833621.23
2074798.65
2332048.60
2621458.37
2782243.59
2959116.53
3296759.09
3457543.89
72.59
161450.19
322234.98
515180.46
820678.37
1045768.07
1512035.18
1865765.46
2251655.98
2557153.89
2717939.12
2959116.53
3152045.98
3328918.92
16393.87
209682.55
483020.21
740285.76
1029679.93
1206552.87
1576371.28
1785372.84
1897925.71
2203423.62
2396353.07
2669690.73
2959116.53
3184206.23
16393.87
209682.55
708125.51
997535.71
1286945.48
1576371.28
1753228.62
1946158.07
2139103.12
2412441.21
2541081.78
2669690.73
2910884.17
3071669.40
72.59
386555.48
852822.59
997535.71
1367338.10
1688908.12
1897925.71
2155191.26
2428513.32
2701850.98
2894812.06
3168134.12
3409311.53
3682633.59
72.59
145362.05
290090.76
499092.32
692037.80
917143.10
1222641.01
1576371.28
1721068.37
2042638.39
2219495.73
2396353.07
2653618.62
2830475.96
32669.21
257914.91
515180.46
675949.66
1029679.93
1190480.76
1399498.35
1608515.51
1785372.84
2058726.53
2171263.37
2251655.98
2557153.89
2766171.48
274002.62
402627.60
499092.32
515180.46
563412.82
643805.44
708125.51
836750.48
1013607.82
1351265.98
1753228.62
2364208.85
3232438.59
3698721.73
72.59
145362.05
483020.21
981447.57
1319105.73
1753228.62
2155191.26
2380280.96
2589314.14
2878723.92
3055581.25
3328918.92
3457543.89
3537936.50
64969.43
450859.96
724197.62
949287.32
1158320.51
1286945.48
1495963.07
1672836.01
1865765.46
2139103.12
2315960.45
2492833.39
2717939.12
2846548.07
72.59
145362.05
643805.44
1142248.40
1479890.96
1865765.46
2315960.45
2637546.51
2926956.28
3168134.12
3248526.73
3377151.28
3618329.12
3939899.14
72.59
48850.52
161450.19
483020.21
756357.87
1029679.93
1222641.01
1672836.01
1849693.34
2251655.98
2508921.53
2750083.34
3168134.12
3441471.78
16393.87
193594.41
450859.96
692037.80
868910.74
1142248.40
1399498.35
1704996.26
1946158.07
2364208.85
2541081.78
2894812.06
3280670.95
3473632.03
72.59
161450.19
418699.71
724197.62
1254785.23
1495963.07
1833621.23
2187351.51
2476761.28
2750083.34
2878723.92
3168134.12
3361079.17
3409311.53
72.59
161450.19
563412.82
820678.37
1303017.59
1544195.43
1769300.73
1930085.96
2074798.65
2348120.70
2476761.28
2557153.89
2830475.96
3055581.25
161450.19
290090.76
499092.32
659877.55
868910.74
1094000.43
1415570.46
1704996.26
2042638.39
2508921.53
2926956.28
3586168.87
3939899.14
4148916.73
16393.87
274002.62
450859.96
756357.87
1077912.30
1495963.07
1785372.84
2235583.87
2541081.78
2701850.98
2943044.42
3264598.84
3634401.23
3763041.80
72.59
16393.87
145362.05
306162.87
434787.85
531252.57
772429.98
981447.57
1270873.37
1672836.01
1785372.84
2058726.53
2332048.60
2717939.12
72.59
338323.12
563412.82
836750.48
1254785.23
1672836.01
1962230.18
2267728.09
2460689.17
2750083.34
2943044.42
3135973.87
3264598.84
3441471.78
72.59
129289.93
450859.96
884982.84
1174408.65
1463802.82
1833621.23
2106958.90
2348120.70
2589314.14
2750083.34
3007348.89
3232438.59
3457543.89
72.59
32669.21
290090.76
579484.93
981447.57
1254785.23
1576371.28
2042638.39
2267728.09
2524993.64
2717939.12
2975188.64
3232438.59
3377151.28
64969.43
354395.23
579484.93
708125.51
917143.10
1126144.66
1447730.71
1624603.65
1801460.98
2106958.90
2251655.98
2605386.26
3007348.89
3296759.09
72.59
290090.76
627717.30
852822.59
1077912.30
1335177.84
1688908.12
1913997.82
2123031.01
2396353.07
2589314.14
2766171.48
3168134.12
3377151.28
16393.87
81057.57
306162.87
579484.93
981447.57
1383410.21
1688908.12
2058726.53
2492833.39
2894812.06
3087741.51
3345007.05
3666561.48
3939899.14
32669.21
354395.23
659877.55
917143.10
1206552.87
1463802.82
1737140.48
1930085.96
2171263.37
2428513.32
2508921.53
2814403.84
3039509.14
3152045.98
16393.87
161450.19
370467.35
740285.76
1061840.18
1303017.59
1672836.01
1930085.96
2219495.73
2669690.73
2862636.21
3152045.98
3425399.67
3602257.01
16393.87
322234.98
724197.62
1142248.40
1560267.54
1962230.18
2315960.45
2669690.73
2943044.42
3216366.48
3312846.80
3521864.39
3714793.84
3779129.94
72.59
72.59
225754.66
434787.85
708125.51
836750.48
1126144.66
1351265.98
1592443.39
1817533.09
1962230.18
2139103.12
2332048.60
2524993.64
72.59
177522.30
499092.32
917143.10
1270873.37
1704996.26
2090870.75
2508921.53
2814403.84
3039509.14
3264598.84
3521864.39
3650489.37
3746969.69
97129.68
354395.23
547324.68
756357.87
933215.21
1126144.66
1254785.23
1495963.07
1801460.98
2106958.90
2299888.34
2589314.14
2943044.42
3232438.59
72.59
48850.52
241826.77
434787.85
643805.44
868910.74
1174408.65
1479890.96
1624603.65
1865765.46
1946158.07
2251655.98
2573226.01
2701850.98
97129.68
386555.48
563412.82
820678.37
1013607.82
1238713.12
1560267.54
1817533.09
2074798.65
2283816.23
2508921.53
2669690.73
2798315.70
3039509.14
113217.82
290090.76
563412.82
852822.59
1029679.93
1110072.55
1383410.21
1640675.76
1785372.84
2042638.39
2235583.87
2573226.01
2991276.78
3216366.48
72.59
193594.41
611645.19
917143.10
1254785.23
1415570.46
1656763.90
1817533.09
1978318.32
2203423.62
2412441.21
2750083.34
2991276.78
3200278.34
72.59
81057.57
274002.62
515180.46
820678.37
1110072.55
1415570.46
1865765.46
2123031.01
2348120.70
2524993.64
2685778.87
3007348.89
3200278.34
32669.21
225754.66
450859.96
643805.44
933215.21
1142248.40
1335177.84
1640675.76
1930085.96
2219495.73
2412441.21
2701850.98
2975188.64
3216366.48
72.59
209682.55
402627.60
563412.82
740285.76
852822.59
965375.46
1383410.21
1576371.28
1801460.98
1881853.60
2155191.26
2428513.32
2573226.01
72.59
129289.93
466948.10
852822.59
1254785.23
1576371.28
2010494.17
2348120.70
2492833.39
2782243.59
3071669.40
3296759.09
3489704.14
3779129.94
81057.57
450859.96
788518.12
852822.59
997535.71
1190480.76
1351265.98
1576371.28
1704996.26
1946158.07
2026566.28
2251655.98
2589314.14
2846548.07
48850.52
274002.62
531252.57
788518.12
1061840.18
1238713.12
1479890.96
1817533.09
2235583.87
2557153.89
2766171.48
2894812.06
3200278.34
3393239.42
72.59
225754.66
563412.82
804590.23
1158320.51
1431642.57
1608515.51
1817533.09
1978318.32
2139103.12
2235583.87
2396353.07
2653618.62
2926956.28
72.59
161450.19
370467.35
515180.46
756357.87
917143.10
1190480.76
1479890.96
1656763.90
2026566.28
2299888.34
2766171.48
3023421.00
3264598.84
32669.21
418699.71
788518.12
1045768.07
1303017.59
1463802.82
1688908.12
1801460.98
1946158.07
2155191.26
2267728.09
2589314.14
2894812.06
3039509.14
72.59
209682.55
450859.96
708125.51
1110072.55
1447730.71
1656763.90
1946158.07
2058726.53
2348120.70
2605386.26
2991276.78
3280670.95
3441471.78
16393.87
274002.62
659877.55
1061840.18
1447730.71
1672836.01
1978318.32
2139103.12
2412441.21
2685778.87
2878723.92
3103813.62
3200278.34
3457543.89
32669.21
257914.91
627717.30
917143.10
1126144.66
1431642.57
1785372.84
2123031.01
2267728.09
2444601.03
2605386.26
2814403.84
2975188.64
3071669.40
177522.30
370467.35
547324.68
708125.51
917143.10
1077912.30
1206552.87
1415570.46
1576371.28
1897925.71
1978318.32
2348120.70
2894812.06
3280670.95
72.59
241826.77
466948.10
708125.51
1029679.93
1415570.46
1769300.73
2042638.39
2267728.09
2476761.28
2669690.73
2943044.42
3152045.98
3393239.42
32669.21
370467.35
708125.51
901054.96
1013607.82
1174408.65
1415570.46
1640675.76
1930085.96
2283816.23
2444601.03
2830475.96
3135973.87
3489704.14
32669.21
418699.71
804590.23
1045768.07
1367338.10
1624603.65
1881853.60
2106958.90
2219495.73
2396353.07
2524993.64
2701850.98
2910884.17
3135973.87
145362.05
386555.48
547324.68
740285.76
884982.84
1094000.43
1319105.73
1495963.07
1801460.98
2155191.26
2364208.85
2910884.17
3377151.28
3811274.16
72.59
402627.60
772429.98
1013607.82
1270873.37
1415570.46
1640675.76
1865765.46
1978318.32
2219495.73
2380280.96
2557153.89
2669690.73
2991276.78
16393.87
177522.30
499092.32
643805.44
772429.98
1045768.07
1206552.87
1463802.82
1640675.76
1897925.71
2074798.65
2348120.70
2717939.12
3007348.89
81057.57
370467.35
595557.04
868910.74
1286945.48
1672836.01
1994390.43
2283816.23
2476761.28
2782243.59
2975188.64
3184206.23
3409311.53
3714793.84
72.59
209682.55
659877.55
949287.32
1303017.59
1560267.54
1785372.84
1978318.32
2155191.26
2332048.60
2589314.14
2750083.34
2991276.78
3200278.34
32669.21
290090.76
466948.10
868910.74
1254785.23
1544195.43
1833621.23
2026566.28
2251655.98
2557153.89
2750083.34
2991276.78
3312846.80
3554008.61
16393.87
129289.93
402627.60
611645.19
740285.76
933215.21
1061840.18
1528123.32
1656763.90
2074798.65
2283816.23
2717939.12
3103813.62
3393239.42
72.59
161450.19
627717.30
917143.10
1061840.18
1367338.10
1640675.76
1946158.07
2348120.70
2653618.62
2846548.07
3007348.89
3248526.73
3361079.17
16393.87
274002.62
434787.85
595557.04
804590.23
1013607.82
1142248.40
1367338.10
1688908.12
1946158.07
2123031.01
2396353.07
2734011.23
3168134.12
72.59
241826.77
595557.04
949287.32
1190480.76
1479890.96
1721068.37
2074798.65
2219495.73
2396353.07
2492833.39
2653618.62
2878723.92
3152045.98
161450.19
434787.85
659877.55
884982.84
1013607.82
1190480.76
1479890.96
1737140.48
1962230.18
2171263.37
2251655.98
2476761.28
3007348.89
3361079.17
48850.52
193594.41
515180.46
788518.12
1013607.82
1110072.55
1319105.73
1624603.65
1817533.09
2187351.51
2364208.85
2637546.51
3023421.00
3184206.23
72.59
209682.55
595557.04
997535.71
1415570.46
1672836.01
1897925.71
2106958.90
2299888.34
2557153.89
2653618.62
3007348.89
3216366.48
3409311.53
113217.82
354395.23
595557.04
836750.48
981447.57
1254785.23
1463802.82
1737140.48
1865765.46
1962230.18
2010494.17
2251655.98
2701850.98
2943044.42
16393.87
209682.55
547324.68
788518.12
1206552.87
1479890.96
1785372.84
2106958.90
2332048.60
2685778.87
2959116.53
3296759.09
3618329.12
3843434.42
97129.68
370467.35
627717.30
884982.84
981447.57
1110072.55
1238713.12
1415570.46
1576371.28
1753228.62
1897925.71
2123031.01
2348120.70
2476761.28
64969.43
418699.71
659877.55
820678.37
1061840.18
1254785.23
1479890.96
1624603.65
1881853.60
2283816.23
2492833.39
2814403.84
3152045.98
3377151.28
16393.87
338323.12
740285.76
981447.57
1319105.73
1479890.96
1640675.76
1753228.62
1897925.71
2074798.65
2203423.62
2492833.39
2782243.59
3007348.89
48850.52
354395.23
724197.62
1110072.55
1383410.21
1528123.32
1769300.73
2042638.39
2348120.70
2653618.62
2782243.59
3055581.25
3264598.84
3457543.89
72.59
161450.19
450859.96
708125.51
852822.59
949287.32
1270873.37
1769300.73
2139103.12
2364208.85
2541081.78
2798315.70
3039509.14
3216366.48
97129.68
306162.87
531252.57
675949.66
868910.74
1142248.40
1415570.46
1897925.71
2155191.26
2524993.64
2766171.48
3055581.25
3393239.42
3602257.01
72.59
257914.91
483020.21
643805.44
852822.59
1206552.87
1544195.43
1704996.26
2171263.37
2557153.89
2701850.98
2975188.64
3328918.92
3473632.03
72.59
64969.43
322234.98
515180.46
740285.76
901054.96
1094000.43
1640675.76
1978318.32
2203423.62
2364208.85
2766171.48
3039509.14
3248526.73
72.59
193594.41
595557.04
852822.59
1270873.37
1608515.51
1849693.34
2106958.90
2283816.23
2460689.17
2621458.37
2894812.06
3119901.76
3296759.09
72.59
81057.57
322234.98
547324.68
933215.21
1158320.51
1656763.90
2074798.65
2412441.21
2782243.59
2959116.53
3312846.80
3746969.69
3988131.50
72.59
290090.76
884982.84
1238713.12
1528123.32
1737140.48
2074798.65
2428513.32
2653618.62
2943044.42
3119901.76
3393239.42
3505776.25
3666561.48
16393.87
161450.19
354395.23
675949.66
917143.10
1335177.84
1672836.01
2058726.53
2299888.34
2701850.98
2894812.06
3425399.67
3698721.73
3955987.28
72.59
225754.66
499092.32
724197.62
868910.74
1029679.93
1351265.98
1640675.76
1833621.23
1994390.43
2187351.51
2364208.85
2605386.26
2830475.96
16393.87
145362.05
499092.32
901054.96
1206552.87
1431642.57
1785372.84
2187351.51
2396353.07
2734011.23
2910884.17
3119901.76
3570096.76
3746969.69
32669.21
338323.12
788518.12
1206552.87
1656763.90
1817533.09
2203423.62
2492833.39
2605386.26
2798315.70
2991276.78
3135973.87
3312846.80
3505776.25
72.59
64969.43
386555.48
611645.19
981447.57
1367338.10
1849693.34
2203423.62
2476761.28
2734011.23
2894812.06
3071669.40
3441471.78
3666561.48
113217.82
322234.98
370467.35
708125.51
949287.32
1222641.01
1512035.18
1881853.60
2187351.51
2621458.37
2717939.12
3264598.84
3650489.37
3972059.39
72.59
97129.68
370467.35
724197.62
1045768.07
1335177.84
1495963.07
1688908.12
1978318.32
2187351.51
2412441.21
2782243.59
3184206.23
3425399.67
290090.76
418699.71
499092.32
627717.30
740285.76
884982.84
1158320.51
1447730.71
1592443.39
1930085.96
2106958.90
2283816.23
2637546.51
2910884.17
48850.52
386555.48
579484.93
788518.12
1077912.30
1383410.21
1688908.12
2026566.28
2380280.96
2685778.87
2878723.92
3135973.87
3441471.78
3586168.87
16393.87
48850.52
177522.30
515180.46
884982.84
1367338.10
1801460.98
2187351.51
2573226.01
2959116.53
3152045.98
3505776.25
3682633.59
3795202.05
274002.62
354395.23
450859.96
515180.46
579484.93
643805.44
965375.46
1222641.01
1576371.28
1881853.60
2058726.53
2380280.96
2830475.96
3216366.48
16393.87
338323.12
531252.57
917143.10
1142248.40
1608515.51
2026566.28
2267728.09
2524993.64
2798315.70
3007348.89
3248526.73
3521864.39
3746969.69
145362.05
290090.76
466948.10
627717.30
804590.23
1077912.30
1319105.73
1576371.28
1913997.82
2396353.07
2766171.48
3216366.48
3650489.37
3988131.50
72.59
209682.55
692037.80
949287.32
1222641.01
1415570.46
1528123.32
1817533.09
1994390.43
2187351.51
2332048.60
2589314.14
2830475.96
3055581.25
129289.93
402627.60
643805.44
724197.62
965375.46
1110072.55
1303017.59
1463802.82
1737140.48
1946158.07
2187351.51
2380280.96
2782243.59
2975188.64
72.59
81057.57
450859.96
820678.37
1190480.76
1479890.96
1721068.37
2026566.28
2139103.12
2396353.07
2557153.89
2798315.70
3087741.51
3232438.59
145362.05
338323.12
547324.68
708125.51
820678.37
1013607.82
1158320.51
1319105.73
1495963.07
1769300.73
2042638.39
2267728.09
2717939.12
2975188.64
16393.87
177522.30
531252.57
868910.74
1303017.59
1592443.39
1833621.23
2139103.12
2412441.21
2685778.87
2798315.70
3039509.14
3280670.95
3409311.53
16393.87
129289.93
322234.98
483020.21
836750.48
1110072.55
1640675.76
2074798.65
2332048.60
2557153.89
2830475.96
3023421.00
3264598.84
3505776.25
32669.21
290090.76
563412.82
756357.87
901054.96
1126144.66
1222641.01
1351265.98
1479890.96
1769300.73
1946158.07
2299888.34
2637546.51
3023421.00
72.59
322234.98
756357.87
1110072.55
1479890.96
1656763.90
2026566.28
2348120.70
2653618.62
2959116.53
3135973.87
3393239.42
3650489.37
3746969.69
72.59
48850.52
209682.55
274002.62
434787.85
611645.19
901054.96
1206552.87
1576371.28
1865765.46
2106958.90
2364208.85
2637546.51
2943044.42
72.59
306162.87
611645.19
820678.37
1174408.65
1495963.07
2026566.28
2364208.85
2476761.28
2862636.21
3055581.25
3377151.28
3602257.01
3714793.84
72.59
177522.30
499092.32
692037.80
917143.10
1174408.65
1479890.96
1881853.60
2332048.60
2717939.12
2862636.21
3087741.51
3312846.80
3505776.25
81057.57
386555.48
788518.12
1142248.40
1367338.10
1592443.39
1897925.71
2042638.39
2348120.70
2589314.14
2717939.12
2894812.06
3135973.87
3312846.80
81057.57
322234.98
675949.66
917143.10
1174408.65
1399498.35
1576371.28
1817533.09
2026566.28
2235583.87
2364208.85
2589314.14
2878723.92
3103813.62
72.59
193594.41
756357.87
1077912.30
1303017.59
1576371.28
1753228.62
2106958.90
2364208.85
2605386.26
2830475.96
3071669.40
3409311.53
3618329.12
32669.21
257914.91
563412.82
756357.87
1013607.82
1158320.51
1351265.98
1672836.01
1881853.60
2187351.51
2315960.45
2557153.89
2862636.21
3200278.34
72.59
113217.82
483020.21
820678.37
1126144.66
1367338.10
1656763.90
1897925.71
2026566.28
2348120.70
2621458.37
2959116.53
3168134.12
3328918.92
64969.43
338323.12
547324.68
692037.80
868910.74
997535.71
1222641.01
1415570.46
1737140.48
2123031.01
2283816.23
2476761.28
2975188.64
3248526.73
145362.05
274002.62
466948.10
788518.12
1142248.40
1399498.35
1672836.01
1962230.18
2251655.98
2557153.89
2782243.59
3071669.40
3425399.67
3763041.80
274002.62
354395.23
418699.71
450859.96
515180.46
579484.93
692037.80
772429.98
1061840.18
1512035.18
1833621.23
2396353.07
2830475.96
3232438.59
113217.82
450859.96
772429.98
997535.71
1174408.65
1367338.10
1608515.51
1817533.09
2123031.01
2428513.32
2573226.01
2782243.59
3055581.25
3184206.23
48850.52
354395.23
756357.87
965375.46
1351265.98
1544195.43
1833621.23
2123031.01
2332048.60
2589314.14
2750083.34
2830475.96
2991276.78
3168134.12
48850.52
129289.93
450859.96
724197.62
1110072.55
1367338.10
1560267.54
1817533.09
2010494.17
2235583.87
2380280.96
2541081.78
2878723.92
3023421.00
16393.87
306162.87
595557.04
756357.87
981447.57
1158320.51
1383410.21
1753228.62
1978318.32
2219495.73
2541081.78
2943044.42
3248526.73
3377151.28
72.59
193594.41
531252.57
917143.10
1303017.59
1640675.76
2090870.75
2476761.28
2637546.51
3007348.89
3248526.73
3602257.01
3763041.80
3955987.28
16393.87
161450.19
418699.71
724197.62
1061840.18
1270873.37
1672836.01
2106958.90
2332048.60
2862636.21
3152045.98
3457543.89
3763041.80
3923827.03
32669.21
274002.62
563412.82
884982.84
1126144.66
1270873.37
1479890.96
1817533.09
1962230.18
2171263.37
2299888.34
2701850.98
2959116.53
3216366.48
72.59
161450.19
290090.76
418699.71
643805.44
852822.59
1045768.07
1158320.51
1270873.37
1431642.57
1544195.43
1881853.60
2283816.23
2524993.64
72.59
177522.30
643805.44
1029679.93
1560267.54
1865765.46
2332048.60
2717939.12
2910884.17
3184206.23
3296759.09
3409311.53
3602257.01
3666561.48
72.59
161450.19
466948.10
1013607.82
1270873.37
1576371.28
1994390.43
2428513.32
2862636.21
3200278.34
3393239.42
3554008.61
3779129.94
4004219.64
72.59
225754.66
740285.76
949287.32
1367338.10
1495963.07
1817533.09
2267728.09
2524993.64
2717939.12
2926956.28
3119901.76
3328918.92
3570096.76
16393.87
306162.87
756357.87
1061840.18
1351265.98
1688908.12
2090870.75
2524993.64
2814403.84
3087741.51
3232438.59
3473632.03
3714793.84
3843434.42
72.59
16393.87
48850.52
97129.68
113217.82
145362.05
193594.41
257914.91
370467.35
643805.44
804590.23
1286945.48
1865765.46
2396353.07
72.59
81057.57
354395.23
756357.87
1142248.40
1415570.46
1897925.71
2315960.45
2685778.87
2943044.42
3152045.98
3312846.80
3586168.87
3682633.59
32669.21
290090.76
772429.98
1142248.40
1383410.21
1560267.54
1849693.34
2123031.01
2348120.70
2589314.14
2701850.98
2894812.06
3119901.76
3216366.48
32669.21
483020.21
643805.44
804590.23
1061840.18
1254785.23
1544195.43
1833621.23
2219495.73
2476761.28
2750083.34
3071669.40
3473632.03
3698721.73
72.59
161450.19
338323.12
515180.46
756357.87
868910.74
1110072.55
1351265.98
1608515.51
2010494.17
2219495.73
2476761.28
2926956.28
3103813.62
64969.43
370467.35
627717.30
868910.74
1061840.18
1206552.87
1447730.71
1608515.51
1817533.09
1994390.43
2203423.62
2508921.53
2894812.06
3103813.62
72.59
306162.87
531252.57
836750.48
1126144.66
1319105.73
1656763.90
1897925.71
2123031.01
2396353.07
2573226.01
2830475.96
3071669.40
3248526.73
145362.05
354395.23
466948.10
563412.82
692037.80
852822.59
1061840.18
1415570.46
1656763.90
2106958.90
2364208.85
2798315.70
3264598.84
3634401.23
16393.87
531252.57
884982.84
1158320.51
1222641.01
1319105.73
1447730.71
1688908.12
1849693.34
2058726.53
2155191.26
2444601.03
2669690.73
2943044.42
32669.21
402627.60
627717.30
884982.84
1174408.65
1463802.82
1656763.90
1897925.71
2090870.75
2299888.34
2492833.39
2637546.51
2959116.53
3168134.12
32669.21
161450.19
450859.96
659877.55
949287.32
1254785.23
1721068.37
2155191.26
2653618.62
3023421.00
3296759.09
3698721.73
4020291.75
4293629.42
97129.68
338323.12
499092.32
708125.51
949287.32
1110072.55
1512035.18
1913997.82
2235583.87
2492833.39
2750083.34
3087741.51
3505776.25
3859506.53
72.59
274002.62
740285.76
1013607.82
1431642.57
1640675.76
2010494.17
2235583.87
2444601.03
2573226.01
2701850.98
2926956.28
3103813.62
3296759.09
274002.62
322234.98
434787.85
450859.96
515180.46
579484.93
643805.44
901054.96
1142248.40
1512035.18
1721068.37
2187351.51
2734011.23
3023421.00
274002.62
354395.23
434787.85
483020.21
531252.57
595557.04
627717.30
836750.48
1094000.43
1286945.48
1608515.51
2187351.51
2910884.17
3425399.67
72.59
32669.21
97129.68
113217.82
177522.30
193594.41
402627.60
499092.32
740285.76
1110072.55
1351265.98
1656763.90
2332048.60
2669690.73
16393.87
97129.68
370467.35
675949.66
1126144.66
1431642.57
1801460.98
2235583.87
2621458.37
2846548.07
3007348.89
3280670.95
3537936.50
3746969.69
72.59
72.59
16393.87
81057.57
97129.68
209682.55
338323.12
531252.57
788518.12
1206552.87
1335177.84
1737140.48
2139103.12
2444601.03
16393.87
64969.43
338323.12
611645.19
820678.37
1126144.66
1479890.96
1672836.01
1930085.96
2139103.12
2283816.23
2557153.89
2798315.70
3023421.00
72.59
193594.41
563412.82
804590.23
1094000.43
1399498.35
1672836.01
2058726.53
2299888.34
2605386.26
2798315.70
2975188.64
3264598.84
3473632.03
72.59
177522.30
547324.68
917143.10
1270873.37
1512035.18
1817533.09
2123031.01
2348120.70
2621458.37
2782243.59
3103813.62
3425399.67
3666561.48
129289.93
418699.71
563412.82
724197.62
917143.10
1077912.30
1238713.12
1479890.96
1801460.98
1978318.32
2171263.37
2283816.23
2621458.37
2975188.64
16393.87
145362.05
595557.04
1061840.18
1447730.71
1688908.12
1994390.43
2380280.96
2605386.26
2894812.06
3248526.73
3586168.87
3843434.42
3972059.39
72.59
306162.87
756357.87
1254785.23
1495963.07
1753228.62
2042638.39
2299888.34
2396353.07
2605386.26
2814403.84
2991276.78
3232438.59
3393239.42
72.59
290090.76
563412.82
981447.57
1270873.37
1624603.65
1881853.60
2187351.51
2348120.70
2541081.78
2653618.62
2862636.21
3152045.98
3280670.95
32669.21
322234.98
563412.82
804590.23
1110072.55
1286945.48
1479890.96
1833621.23
2042638.39
2332048.60
2589314.14
2878723.92
3023421.00
3312846.80
32669.21
241826.77
499092.32
724197.62
1061840.18
1335177.84
1672836.01
1913997.82
2155191.26
2460689.17
2605386.26
2814403.84
3055581.25
3264598.84
72.59
225754.66
499092.32
917143.10
1077912.30
1254785.23
1608515.51
2026566.28
2267728.09
2589314.14
2862636.21
3152045.98
3554008.61
3795202.05
16393.87
322234.98
579484.93
852822.59
1045768.07
1206552.87
1463802.82
1624603.65
1930085.96
2106958.90
2283816.23
2476761.28
2605386.26
2782243.59
32669.21
225754.66
386555.48
531252.57
724197.62
997535.71
1286945.48
1656763.90
1913997.82
2251655.98
2524993.64
2782243.59
3135973.87
3377151.28
16393.87
145362.05
338323.12
579484.93
740285.76
868910.74
1142248.40
1463802.82
1672836.01
2042638.39
2267728.09
2573226.01
2846548.07
3135973.87
72.59
209682.55
563412.82
901054.96
1174408.65
1495963.07
1769300.73
2074798.65
2380280.96
2782243.59
3023421.00
3232438.59
3457543.89
3666561.48
81057.57
306162.87
450859.96
563412.82
836750.48
965375.46
1319105.73
1656763.90
1849693.34
2171263.37
2492833.39
2766171.48
3039509.14
3296759.09
16393.87
338323.12
547324.68
917143.10
1254785.23
1447730.71
1817533.09
2155191.26
2267728.09
2589314.14
2717939.12
3039509.14
3345007.05
3521864.39
64969.43
322234.98
531252.57
868910.74
1142248.40
1479890.96
1849693.34
2171263.37
2267728.09
2653618.62
2910884.17
3168134.12
3377151.28
3634401.23
97129.68
418699.71
547324.68
740285.76
868910.74
1029679.93
1270873.37
1528123.32
1704996.26
1946158.07
2090870.75
2299888.34
2685778.87
2959116.53
72.59
113217.82
241826.77
515180.46
692037.80
868910.74
1190480.76
1592443.39
1978318.32
2251655.98
2637546.51
2943044.42
3264598.84
3505776.25
48850.52
418699.71
901054.96
1286945.48
1528123.32
1833621.23
2123031.01
2476761.28
2685778.87
2926956.28
3135973.87
3280670.95
3441471.78
3602257.01
72.59
81057.57
370467.35
579484.93
933215.21
1367338.10
1672836.01
1978318.32
2106958.90
2332048.60
2476761.28
2701850.98
2878723.92
3119901.76
32669.21
274002.62
450859.96
659877.55
901054.96
1174408.65
1367338.10
1495963.07
1656763.90
1978318.32
2139103.12
2460689.17
2717939.12
2846548.07
72.59
257914.91
450859.96
659877.55
852822.59
1158320.51
1544195.43
1897925.71
2235583.87
2444601.03
2605386.26
2878723.92
3135973.87
3377151.28
97129.68
241826.77
402627.60
595557.04
708125.51
852822.59
1094000.43
1270873.37
1495963.07
1817533.09
2074798.65
2524993.64
2862636.21
3135973.87
72.59
209682.55
499092.32
788518.12
1029679.93
1270873.37
1640675.76
1801460.98
2139103.12
2605386.26
2750083.34
3039509.14
3328918.92
3570096.76
72.59
209682.55
675949.66
997535.71
1431642.57
1801460.98
2203423.62
2541081.78
2717939.12
2894812.06
3023421.00
3280670.95
3457543.89
3666561.48
32669.21
129289.93
370467.35
659877.55
981447.57
1351265.98
1608515.51
1897925.71
2139103.12
2396353.07
2621458.37
2830475.96
3119901.76
3345007.05
48850.52
354395.23
643805.44
788518.12
1013607.82
1174408.65
1415570.46
1560267.54
1817533.09
2171263.37
2315960.45
2460689.17
2669690.73
2943044.42
16393.87
48850.52
274002.62
563412.82
1029679.93
1447730.71
1978318.32
2332048.60
2766171.48
3328918.92
3489704.14
3618329.12
3827362.31
3988131.50
16393.87
306162.87
563412.82
820678.37
1158320.51
1383410.21
1640675.76
1978318.32
2203423.62
2589314.14
2862636.21
3184206.23
3521864.39
3666561.48
113217.82
306162.87
531252.57
724197.62
1045768.07
1303017.59
1608515.51
2058726.53
2460689.17
2701850.98
2766171.48
3039509.14
3345007.05
3730865.95
81057.57
338323.12
611645.19
868910.74
1110072.55
1270873.37
1495963.07
1849693.34
2058726.53
2380280.96
2605386.26
2878723.92
3071669.40
3361079.17
32669.21
418699.71
708125.51
949287.32
1222641.01
1383410.21
1640675.76
1897925.71
2010494.17
2332048.60
2428513.32
2637546.51
2943044.42
3103813.62
32669.21
161450.19
354395.23
611645.19
933215.21
1206552.87
1512035.18
1737140.48
1930085.96
2283816.23
2573226.01
2798315.70
3071669.40
3119901.76
97129.68
354395.23
450859.96
675949.66
1045768.07
1286945.48
1512035.18
1978318.32
2348120.70
2750083.34
2943044.42
3200278.34
3441471.78
3586168.87
97129.68
418699.71
611645.19
852822.59
997535.71
1045768.07
1222641.01
1463802.82
1640675.76
1946158.07
2074798.65
2428513.32
2734011.23
3055581.25
72.59
161450.19
450859.96
901054.96
1303017.59
1560267.54
1769300.73
2042638.39
2283816.23
2412441.21
2541081.78
2798315.70
3087741.51
3232438.59
32669.21
113217.82
547324.68
852822.59
1190480.76
1528123.32
1865765.46
2332048.60
2653618.62
3103813.62
3264598.84
3537936.50
3811274.16
3891666.78
16393.87
306162.87
820678.37
1158320.51
1431642.57
1672836.01
1897925.71
2235583.87
2396353.07
2573226.01
2734011.23
2926956.28
3055581.25
3248526.73
32669.21
257914.91
483020.21
740285.76
1094000.43
1303017.59
1463802.82
1672836.01
1833621.23
2123031.01
2267728.09
2557153.89
2894812.06
3119901.76
72.59
72.59
97129.68
306162.87
418699.71
788518.12
1126144.66
1737140.48
2155191.26
2476761.28
2701850.98
2975188.64
3135973.87
3489704.14
72.59
145362.05
772429.98
1222641.01
1608515.51
1737140.48
2090870.75
2476761.28
2669690.73
2910884.17
3135973.87
3425399.67
3698721.73
3746969.69
32669.21
241826.77
531252.57
724197.62
917143.10
1126144.66
1463802.82
1881853.60
2139103.12
2428513.32
2637546.51
2782243.59
3119901.76
3280670.95
32669.21
354395.23
852822.59
1126144.66
1495963.07
1624603.65
1721068.37
2010494.17
2123031.01
2315960.45
2428513.32
2589314.14
2782243.59
2943044.42
72.59
177522.30
418699.71
772429.98
1061840.18
1335177.84
1753228.62
2058726.53
2348120.70
2605386.26
2846548.07
3071669.40
3457543.89
3682633.59
48850.52
386555.48
659877.55
933215.21
1110072.55
1270873.37
1463802.82
1624603.65
1817533.09
2074798.65
2235583.87
2476761.28
2910884.17
3119901.76
72.59
257914.91
402627.60
563412.82
772429.98
901054.96
1094000.43
1383410.21
1624603.65
2026566.28
2251655.98
2541081.78
2878723.92
3103813.62
32669.21
161450.19
595557.04
852822.59
1094000.43
1544195.43
1785372.84
2074798.65
2315960.45
2685778.87
2830475.96
3087741.51
3135973.87
3345007.05
32669.21
193594.41
402627.60
692037.80
981447.57
1335177.84
1640675.76
1978318.32
2251655.98
2541081.78
2926956.28
3232438.59
3521864.39
3779129.94
72.59
225754.66
675949.66
1061840.18
1512035.18
1737140.48
1994390.43
2203423.62
2428513.32
2557153.89
2669690.73
2846548.07
3135973.87
3296759.09
16393.87
113217.82
370467.35
595557.04
788518.12
997535.71
1222641.01
1576371.28
1913997.82
2251655.98
2332048.60
2605386.26
2814403.84
3103813.62
16393.87
290090.76
499092.32
643805.44
965375.46
1110072.55
1383410.21
1688908.12
1881853.60
2251655.98
2573226.01
2894812.06
3232438.59
3457543.89
32669.21
338323.12
740285.76
1077912.30
1447730.71
1721068.37
2058726.53
2235583.87
2396353.07
2589314.14
2701850.98
2894812.06
3168134.12
3328918.92
72.59
32669.21
97129.68
113217.82
161450.19
225754.66
306162.87
354395.23
434787.85
804590.23
1077912.30
1447730.71
1817533.09
2171263.37
72.59
113217.82
306162.87
563412.82
901054.96
1206552.87
1560267.54
1881853.60
2267728.09
2396353.07
2557153.89
2766171.48
3039509.14
3152045.98
81057.57
306162.87
466948.10
531252.57
643805.44
772429.98
1029679.93
1367338.10
1833621.23
2283816.23
2508921.53
2862636.21
3200278.34
3505776.25
16393.87
595557.04
884982.84
1061840.18
1254785.23
1431642.57
1544195.43
1753228.62
2058726.53
2251655.98
2444601.03
2573226.01
2750083.34
2991276.78
72.59
161450.19
257914.91
418699.71
724197.62
997535.71
1319105.73
1704996.26
2026566.28
2348120.70
2557153.89
2846548.07
3232438.59
3554008.61
72.59
177522.30
466948.10
595557.04
836750.48
1110072.55
1495963.07
1897925.71
2123031.01
2476761.28
2605386.26
2798315.70
3055581.25
3264598.84
64969.43
274002.62
402627.60
627717.30
901054.96
1142248.40
1254785.23
1447730.71
1817533.09
2235583.87
2412441.21
2685778.87
2975188.64
3216366.48
113217.82
306162.87
659877.55
901054.96
1061840.18
1270873.37
1528123.32
1592443.39
1704996.26
1881853.60
1994390.43
2267728.09
2621458.37
2814403.84
72.59
225754.66
659877.55
949287.32
1303017.59
1592443.39
2074798.65
2476761.28
2734011.23
2991276.78
3039509.14
3200278.34
3361079.17
3505776.25
16393.87
257914.91
595557.04
836750.48
1013607.82
1238713.12
1383410.21
1688908.12
1913997.82
2058726.53
2219495.73
2428513.32
2669690.73
2862636.21
16393.87
241826.77
466948.10
692037.80
933215.21
1174408.65
1528123.32
1833621.23
2106958.90
2573226.01
2814403.84
3103813.62
3377151.28
3537936.50
48850.52
257914.91
386555.48
483020.21
675949.66
868910.74
1222641.01
1447730.71
1656763.90
1913997.82
2090870.75
2460689.17
2782243.59
3039509.14
32669.21
483020.21
724197.62
901054.96
1126144.66
1303017.59
1479890.96
1737140.48
2155191.26
2428513.32
2669690.73
2878723.92
3200278.34
3393239.42
48850.52
241826.77
434787.85
643805.44
901054.96
1174408.65
1431642.57
1753228.62
1930085.96
2155191.26
2412441.21
2717939.12
2943044.42
3184206.23
97129.68
322234.98
418699.71
675949.66
917143.10
1238713.12
1560267.54
1881853.60
2155191.26
2557153.89
2894812.06
3345007.05
3634401.23
3891666.78
48850.52
257914.91
708125.51
965375.46
1303017.59
1592443.39
1913997.82
2187351.51
2557153.89
2750083.34
2894812.06
3119901.76
3377151.28
3505776.25
32669.21
97129.68
290090.76
483020.21
643805.44
901054.96
1077912.30
1351265.98
1495963.07
1753228.62
2026566.28
2460689.17
2653618.62
2846548.07
32669.21
306162.87
643805.44
933215.21
1254785.23
1512035.18
1897925.71
2267728.09
2508921.53
2653618.62
2959116.53
3055581.25
3248526.73
3361079.17
16393.87
225754.66
434787.85
692037.80
949287.32
1174408.65
1592443.39
2090870.75
2396353.07
2605386.26
2766171.48
2959116.53
3361079.17
3570096.76
16393.87
257914.91
692037.80
1029679.93
1222641.01
1528123.32
1865765.46
2267728.09
2492833.39
2734011.23
2878723.92
3103813.62
3328918.92
3521864.39
97129.68
370467.35
708125.51
1029679.93
1190480.76
1447730.71
1769300.73
2187351.51
2315960.45
2621458.37
2766171.48
3103813.62
3312846.80
3457543.89
32669.21
257914.91
563412.82
949287.32
1238713.12
1512035.18
1785372.84
2187351.51
2380280.96
2621458.37
2830475.96
3168134.12
3586168.87
3843434.42
32669.21
177522.30
370467.35
627717.30
852822.59
1045768.07
1303017.59
1512035.18
1801460.98
2203423.62
2412441.21
2734011.23
3055581.25
3393239.42
48850.52
306162.87
659877.55
981447.57
1238713.12
1399498.35
1560267.54
1769300.73
1881853.60
2106958.90
2235583.87
2492833.39
2717939.12
2878723.92
97129.68
306162.87
450859.96
595557.04
836750.48
1045768.07
1270873.37
1624603.65
2026566.28
2492833.39
2846548.07
3328918.92
3650489.37
3955987.28
32669.21
193594.41
579484.93
756357.87
965375.46
1158320.51
1447730.71
1688908.12
1962230.18
2235583.87
2364208.85
2621458.37
2814403.84
2926956.28
81057.57
209682.55
370467.35
595557.04
804590.23
965375.46
1126144.66
1399498.35
1624603.65
1978318.32
2267728.09
2637546.51
3152045.98
3441471.78
81057.57
354395.23
579484.93
933215.21
1238713.12
1447730.71
1801460.98
2074798.65
2267728.09
2476761.28
2750083.34
3103813.62
3441471.78
3746969.69
72.59
161450.19
611645.19
917143.10
1174408.65
1367338.10
1576371.28
1978318.32
2235583.87
2476761.28
2637546.51
2878723.92
3039509.14
3345007.05
16393.87
193594.41
418699.71
563412.82
724197.62
981447.57
1174408.65
1528123.32
1801460.98
2171263.37
2444601.03
2750083.34
3216366.48
3505776.25
72.59
16393.87
257914.91
579484.93
836750.48
965375.46
1222641.01
1495963.07
1704996.26
1978318.32
2123031.01
2364208.85
2524993.64
2669690.73
16393.87
48850.52
225754.66
627717.30
1029679.93
1479890.96
1833621.23
2042638.39
2460689.17
2798315.70
3055581.25
3135973.87
3409311.53
3730865.95
72.59
129289.93
402627.60
692037.80
1094000.43
1447730.71
1897925.71
2187351.51
2348120.70
2734011.23
2910884.17
3168134.12
3441471.78
3666561.48
161450.19
402627.60
659877.55
868910.74
1029679.93
1126144.66
1286945.48
1560267.54
1785372.84
2026566.28
2106958.90
2380280.96
2750083.34
2975188.64
32669.21
241826.77
466948.10
595557.04
804590.23
1029679.93
1254785.23
1721068.37
2187351.51
2573226.01
2653618.62
2782243.59
3087741.51
3361079.17
72.59
32669.21
241826.77
595557.04
901054.96
1190480.76
1495963.07
1962230.18
2348120.70
2621458.37
2830475.96
3007348.89
3200278.34
3312846.80
72.59
32669.21
225754.66
675949.66
1013607.82
1351265.98
1688908.12
1978318.32
2090870.75
2235583.87
2460689.17
2637546.51
2798315.70
2878723.92
72.59
225754.66
563412.82
852822.59
1126144.66
1367338.10
1544195.43
1897925.71
2090870.75
2428513.32
2669690.73
2846548.07
3071669.40
3232438.59
16393.87
386555.48
772429.98
1254785.23
1463802.82
1721068.37
2042638.39
2332048.60
2460689.17
2637546.51
2701850.98
2926956.28
3184206.23
3248526.73
16393.87
161450.19
450859.96
804590.23
1094000.43
1351265.98
1801460.98
2090870.75
2492833.39
2814403.84
2991276.78
3152045.98
3489704.14
3682633.59
81057.57
515180.46
740285.76
949287.32
1142248.40
1319105.73
1528123.32
1801460.98
2106958.90
2412441.21
2557153.89
2798315.70
3055581.25
3328918.92
72.59
48850.52
370467.35
836750.48
1158320.51
1431642.57
1592443.39
1897925.71
2139103.12
2396353.07
2508921.53
2846548.07
3103813.62
3248526.73
145362.05
257914.91
402627.60
595557.04
804590.23
1094000.43
1399498.35
1865765.46
2171263.37
2508921.53
2846548.07
3119901.76
3457543.89
3746969.69
81057.57
241826.77
402627.60
627717.30
884982.84
1029679.93
1303017.59
1640675.76
1897925.71
2332048.60
2557153.89
2894812.06
3248526.73
3570096.76
64969.43
338323.12
692037.80
949287.32
1174408.65
1383410.21
1753228.62
1913997.82
2074798.65
2348120.70
2573226.01
2798315.70
3087741.51
3200278.34
72.59
145362.05
547324.68
933215.21
1270873.37
1447730.71
1721068.37
2235583.87
2621458.37
2943044.42
3135973.87
3393239.42
3650489.37
3827362.31
16393.87
483020.21
772429.98
1061840.18
1335177.84
1528123.32
1817533.09
2074798.65
2412441.21
2685778.87
2910884.17
3087741.51
3393239.42
3489704.14
97129.68
322234.98
434787.85
708125.51
1094000.43
1286945.48
1560267.54
1865765.46
2171263.37
2557153.89
2814403.84
3039509.14
3361079.17
3618329.12
32669.21
257914.91
563412.82
756357.87
1029679.93
1351265.98
1560267.54
1962230.18
2106958.90
2444601.03
2621458.37
2878723.92
3087741.51
3377151.28
16393.87
145362.05
418699.71
611645.19
949287.32
1190480.76
1479890.96
1672836.01
1946158.07
2299888.34
2412441.21
2734011.23
2975188.64
3232438.59
16393.87
354395.23
692037.80
1029679.93
1367338.10
1785372.84
2074798.65
2315960.45
2476761.28
2750083.34
2878723.92
3039509.14
3296759.09
3586168.87
16393.87
145362.05
563412.82
836750.48
1206552.87
1512035.18
1833621.23
2090870.75
2315960.45
2621458.37
2750083.34
2894812.06
3280670.95
3441471.78
48850.52
241826.77
402627.60
531252.57
756357.87
965375.46
1270873.37
1495963.07
1608515.51
1769300.73
1978318.32
2412441.21
2653618.62
2991276.78
72.59
370467.35
563412.82
884982.84
1206552.87
1447730.71
1592443.39
1785372.84
1930085.96
2155191.26
2396353.07
2653618.62
2926956.28
3232438.59
72.59
193594.41
402627.60
756357.87
1061840.18
1254785.23
1688908.12
2106958.90
2476761.28
2717939.12
2910884.17
3087741.51
3457543.89
3666561.48
16393.87
193594.41
531252.57
884982.84
1206552.87
1351265.98
1753228.62
2187351.51
2557153.89
2734011.23
2846548.07
3135973.87
3489704.14
3746969.69
72.59
48850.52
402627.60
981447.57
1640675.76
1962230.18
2444601.03
2717939.12
3039509.14
3232438.59
3328918.92
3521864.39
3698721.73
3891666.78
72.59
129289.93
386555.48
547324.68
804590.23
981447.57
1142248.40
1560267.54
1688908.12
1865765.46
1978318.32
2203423.62
2396353.07
2605386.26
64969.43
274002.62
708125.51
1013607.82
1126144.66
1254785.23
1431642.57
1688908.12
1881853.60
2074798.65
2219495.73
2460689.17
2637546.51
2862636.21
274002.62
370467.35
418699.71
466948.10
547324.68
627717.30
643805.44
788518.12
933215.21
1254785.23
1560267.54
2187351.51
2814403.84
3409311.53
16393.87
177522.30
434787.85
724197.62
997535.71
1351265.98
1656763.90
2026566.28
2332048.60
2653618.62
2846548.07
3119901.76
3441471.78
3570096.76
72.59
113217.82
434787.85
675949.66
1029679.93
1383410.21
1688908.12
1946158.07
2299888.34
2541081.78
2798315.70
2926956.28
3184206.23
3457543.89
81057.57
306162.87
483020.21
595557.04
772429.98
933215.21
1174408.65
1415570.46
1576371.28
1881853.60
2042638.39
2541081.78
2734011.23
3007348.89
72.59
32669.21
145362.05
241826.77
499092.32
772429.98
1110072.55
1447730.71
1688908.12
2026566.28
2171263.37
2460689.17
2830475.96
3119901.76
48850.52
290090.76
547324.68
820678.37
1045768.07
1303017.59
1495963.07
1849693.34
2010494.17
2283816.23
2396353.07
2750083.34
3103813.62
3377151.28
64969.43
370467.35
563412.82
708125.51
949287.32
1158320.51
1367338.10
1704996.26
2026566.28
2267728.09
2396353.07
2637546.51
2975188.64
3168134.12
81057.57
338323.12
515180.46
740285.76
1029679.93
1158320.51
1286945.48
1399498.35
1592443.39
1978318.32
2139103.12
2364208.85
2653618.62
2943044.42
16393.87
241826.77
627717.30
949287.32
1270873.37
1560267.54
1865765.46
2219495.73
2524993.64
2782243.59
2959116.53
3216366.48
3361079.17
3602257.01
72.59
16393.87
113217.82
257914.91
354395.23
627717.30
981447.57
1479890.96
1865765.46
2139103.12
2315960.45
2508921.53
2798315.70
2943044.42
16393.87
177522.30
515180.46
804590.23
1029679.93
1367338.10
1672836.01
1913997.82
2090870.75
2315960.45
2428513.32
2717939.12
2943044.42
3232438.59
81057.57
483020.21
643805.44
884982.84
1094000.43
1206552.87
1415570.46
1753228.62
2042638.39
2299888.34
2508921.53
2830475.96
3216366.48
3457543.89
72.59
113217.82
499092.32
901054.96
1238713.12
1624603.65
2010494.17
2219495.73
2460689.17
2637546.51
2750083.34
2959116.53
3296759.09
3521864.39
72.59
193594.41
643805.44
852822.59
1174408.65
1479890.96
1833621.23
2203423.62
2380280.96
2717939.12
2878723.92
3168134.12
3409311.53
3634401.23
16393.87
225754.66
627717.30
1126144.66
1608515.51
1930085.96
2267728.09
2573226.01
2766171.48
3071669.40
3200278.34
3377151.28
3650489.37
3827362.31
72.59
97129.68
274002.62
499092.32
740285.76
933215.21
1238713.12
1528123.32
1801460.98
2026566.28
2203423.62
2380280.96
2685778.87
2910884.17
274002.62
354395.23
418699.71
466948.10
547324.68
595557.04
643805.44
820678.37
933215.21
1303017.59
1704996.26
2299888.34
2782243.59
3328918.92
16393.87
563412.82
981447.57
1110072.55
1270873.37
1495963.07
1672836.01
1833621.23
2123031.01
2315960.45
2508921.53
2798315.70
3055581.25
3377151.28
48850.52
257914.91
515180.46
708125.51
1110072.55
1431642.57
1737140.48
2042638.39
2348120.70
2444601.03
2701850.98
2943044.42
3232438.59
3441471.78
72.59
177522.30
547324.68
659877.55
772429.98
1029679.93
1206552.87
1495963.07
1624603.65
1769300.73
2042638.39
2444601.03
2846548.07
3087741.51
16393.87
306162.87
579484.93
836750.48
1126144.66
1270873.37
1544195.43
1737140.48
1978318.32
2187351.51
2283816.23
2508921.53
2910884.17
3168134.12
32669.21
241826.77
386555.48
579484.93
804590.23
1061840.18
1270873.37
1447730.71
1753228.62
2010494.17
2171263.37
2460689.17
2734011.23
2975188.64
48850.52
322234.98
643805.44
949287.32
1190480.76
1415570.46
1640675.76
1849693.34
1962230.18
2171263.37
2267728.09
2541081.78
2782243.59
2959116.53
16393.87
386555.48
692037.80
1110072.55
1528123.32
1801460.98
2139103.12
2380280.96
2541081.78
2782243.59
2846548.07
3023421.00
3264598.84
3377151.28
72.59
129289.93
338323.12
611645.19
836750.48
1029679.93
1351265.98
1737140.48
2042638.39
2299888.34
2557153.89
2798315.70
3087741.51
3377151.28
72.59
209682.55
756357.87
1110072.55
1335177.84
1512035.18
1785372.84
1994390.43
2155191.26
2541081.78
2701850.98
2991276.78
3361079.17
3554008.61
16393.87
241826.77
515180.46
724197.62
1013607.82
1158320.51
1319105.73
1512035.18
1672836.01
1962230.18
2155191.26
2364208.85
2589314.14
2734011.23
32669.21
129289.93
338323.12
708125.51
901054.96
1126144.66
1495963.07
1801460.98
1994390.43
2267728.09
2380280.96
2621458.37
2814403.84
2926956.28
274002.62
338323.12
418699.71
466948.10
579484.93
692037.80
917143.10
1077912.30
1415570.46
1897925.71
2074798.65
2621458.37
3087741.51
3425399.67
16393.87
290090.76
627717.30
1029679.93
1319105.73
1495963.07
1753228.62
1978318.32
2171263.37
2476761.28
2734011.23
2991276.78
3345007.05
3505776.25
72.59
48850.52
241826.77
563412.82
933215.21
1190480.76
1640675.76
2058726.53
2348120.70
2750083.34
2943044.42
3152045.98
3328918.92
3457543.89
64969.43
290090.76
483020.21
579484.93
852822.59
1013607.82
1351265.98
1560267.54
1785372.84
1994390.43
2139103.12
2251655.98
2508921.53
2766171.48
129289.93
306162.87
499092.32
627717.30
884982.84
1061840.18
1447730.71
1817533.09
2203423.62
2750083.34
3007348.89
3441471.78
3763041.80
4068524.12
16393.87
177522.30
418699.71
772429.98
1142248.40
1367338.10
1737140.48
2058726.53
2299888.34
2589314.14
2782243.59
2926956.28
3168134.12
3328918.92
16393.87
225754.66
402627.60
627717.30
901054.96
1254785.23
1544195.43
1994390.43
2283816.23
2605386.26
2717939.12
3023421.00
3377151.28
3586168.87
16393.87
274002.62
483020.21
579484.93
836750.48
1077912.30
1367338.10
1608515.51
1962230.18
2219495.73
2573226.01
2910884.17
3232438.59
3473632.03
32669.21
322234.98
547324.68
659877.55
836750.48
997535.71
1142248.40
1383410.21
1704996.26
1962230.18
2219495.73
2492833.39
2846548.07
3232438.59
177522.30
402627.60
579484.93
836750.48
949287.32
1142248.40
1270873.37
1399498.35
1576371.28
1704996.26
1833621.23
2283816.23
2734011.23
3023421.00
48850.52
338323.12
724197.62
1013607.82
1158320.51
1576371.28
1881853.60
2364208.85
2653618.62
2926956.28
3087741.51
3393239.42
3682633.59
3891666.78
81057.57
450859.96
804590.23
1045768.07
1142248.40
1319105.73
1495963.07
1688908.12
1769300.73
1946158.07
2090870.75
2251655.98
2508921.53
2750083.34
72.59
193594.41
579484.93
820678.37
1045768.07
1383410.21
1640675.76
2058726.53
2428513.32
2637546.51
2991276.78
3264598.84
3537936.50
3682633.59
72.59
97129.68
257914.91
483020.21
724197.62
836750.48
997535.71
1319105.73
1560267.54
1817533.09
1930085.96
2171263.37
2364208.85
2653618.62
64969.43
354395.23
466948.10
595557.04
740285.76
933215.21
1190480.76
1383410.21
1608515.51
1704996.26
1913997.82
2235583.87
2428513.32
2734011.23
16393.87
322234.98
708125.51
901054.96
1061840.18
1222641.01
1383410.21
1672836.01
1913997.82
2171263.37
2315960.45
2557153.89
2717939.12
2926956.28
48850.52
257914.91
499092.32
788518.12
1061840.18
1222641.01
1431642.57
1672836.01
2042638.39
2251655.98
2428513.32
2605386.26
2814403.84
3023421.00
72.59
72.59
48850.52
209682.55
338323.12
611645.19
852822.59
1126144.66
1495963.07
1913997.82
2187351.51
2508921.53
2862636.21
3103813.62
225754.66
338323.12
563412.82
724197.62
965375.46
1094000.43
1206552.87
1367338.10
1592443.39
1801460.98
2058726.53
2396353.07
2846548.07
3119901.76
72.59
177522.30
547324.68
901054.96
1110072.55
1270873.37
1528123.32
1721068.37
1930085.96
2155191.26
2251655.98
2476761.28
2766171.48
3071669.40
16393.87
97129.68
611645.19
884982.84
1238713.12
1592443.39
1930085.96
2267728.09
2557153.89
2878723.92
3055581.25
3345007.05
3457543.89
3618329.12
81057.57
354395.23
675949.66
836750.48
1238713.12
1463802.82
1801460.98
2171263.37
2444601.03
2798315.70
2959116.53
3119901.76
3312846.80
3505776.25
72.59
193594.41
547324.68
1045768.07
1399498.35
1769300.73
2139103.12
2460689.17
2685778.87
3023421.00
3264598.84
3537936.50
3827362.31
3972059.39
81057.57
306162.87
483020.21
675949.66
884982.84
1110072.55
1367338.10
1592443.39
1785372.84
2139103.12
2348120.70
2669690.73
3087741.51
3345007.05
32669.21
257914.91
563412.82
949287.32
1238713.12
1495963.07
1656763.90
1817533.09
2058726.53
2428513.32
2605386.26
2814403.84
2943044.42
3152045.98
72.59
129289.93
579484.93
1029679.93
1479890.96
1704996.26
2074798.65
2444601.03
2734011.23
2910884.17
3039509.14
3296759.09
3393239.42
3537936.50
32669.21
113217.82
257914.91
515180.46
692037.80
917143.10
1222641.01
1608515.51
1801460.98
1962230.18
2267728.09
2541081.78
2814403.84
2991276.78
64969.43
450859.96
804590.23
933215.21
1110072.55
1254785.23
1415570.46
1544195.43
1688908.12
2090870.75
2348120.70
2701850.98
3055581.25
3328918.92
32669.21
354395.23
611645.19
933215.21
1126144.66
1206552.87
1463802.82
1704996.26
1881853.60
2155191.26
2364208.85
2653618.62
2862636.21
3135973.87
72.59
193594.41
627717.30
788518.12
1174408.65
1495963.07
1753228.62
2010494.17
2428513.32
2943044.42
3119901.76
3457543.89
3698721.73
3875594.67
48850.52
193594.41
579484.93
933215.21
1158320.51
1319105.73
1656763.90
1897925.71
2203423.62
2444601.03
2701850.98
2959116.53
3216366.48
3489704.14
16393.87
48850.52
161450.19
547324.68
1013607.82
1383410.21
1737140.48
2139103.12
2380280.96
2878723.92
3039509.14
3280670.95
3505776.25
3843434.42
48850.52
450859.96
692037.80
884982.84
1110072.55
1206552.87
1479890.96
1688908.12
1817533.09
2058726.53
2251655.98
2428513.32
2685778.87
2926956.28
16393.87
145362.05
386555.48
692037.80
965375.46
1238713.12
1640675.76
2090870.75
2315960.45
2573226.01
2701850.98
2943044.42
3248526.73
3441471.78
16393.87
129289.93
450859.96
627717.30
949287.32
1077912.30
1367338.10
1592443.39
1817533.09
1994390.43
2123031.01
2460689.17
2846548.07
3135973.87
