563338.19
563343.63
563349.02
563354.43
563359.93
563365.49
563370.90
563376.15
563381.63
563387.00
563392.33
563397.60
563402.95
563408.08
193568.82
193570.68
193572.53
193574.39
193576.27
193578.18
193580.04
193581.84
193583.71
193585.56
193587.38
193589.19
193591.02
193592.78
740187.67
740194.82
740201.90
740209.01
740216.24
740223.54
740230.67
740237.57
740244.76
740251.83
740258.83
740265.75
740272.78
740279.53
788413.63
788421.25
788428.80
788436.37
788444.07
788451.85
788459.43
788466.79
788474.45
788481.98
788489.44
788496.81
788504.30
788511.48
884865.56
884874.11
884882.58
884891.08
884899.72
884908.46
884916.97
884925.22
884933.82
884942.27
884950.65
884958.92
884967.33
884975.39
659790.11
659796.49
659802.80
659809.14
659815.58
659822.09
659828.44
659834.59
659841.00
659847.30
659853.54
659859.71
659865.98
659871.99
354348.32
354351.74
354355.13
354358.53
354361.99
354365.48
354368.88
354372.18
354375.63
354379.00
354382.35
354385.66
354389.03
354392.25
691946.10
691952.79
691959.41
691966.06
691972.81
691979.64
691986.30
691992.75
691999.47
692006.08
692012.62
692019.09
692025.67
692031.97
772327.62
772335.08
772342.48
772349.90
772357.44
772365.06
772372.49
772379.69
772387.20
772394.57
772401.88
772409.10
772416.44
772423.48
595478.14
595483.89
595489.59
595495.31
595501.13
595507.00
595512.73
595518.28
595524.07
595529.75
595535.38
595540.95
595546.61
595552.03
113202.90
113203.99
113205.06
113206.15
113207.25
113208.36
113209.44
113210.49
113211.59
113212.66
113213.73
113214.78
113215.85
113216.88
772327.62
772335.08
772342.48
772349.90
772357.44
772365.06
772372.49
772379.69
772387.20
772394.57
772401.88
772409.10
772416.44
772423.48
868795.58
868803.98
868812.29
868820.64
868829.13
868837.70
868846.06
868854.16
868862.61
868870.90
868879.12
868887.25
868895.50
868903.42
949161.50
949170.68
949179.76
949188.88
949198.15
949207.52
949216.65
949225.51
949234.73
949243.80
949252.78
949261.65
949270.68
949279.32
466886.26
466890.76
466895.23
466899.71
466904.27
466908.88
466913.36
466917.72
466922.25
466926.71
466931.12
466935.48
466939.92
466944.17
852709.57
852717.81
852725.98
852734.17
852742.50
852750.91
852759.12
852767.07
852775.36
852783.50
852791.57
852799.54
852807.64
852815.41
531182.20
531187.33
531192.41
531197.52
531202.70
531207.94
531213.05
531218.00
531223.16
531228.23
531233.25
531238.22
531243.26
531248.10
868795.58
868803.98
868812.29
868820.64
868829.13
868837.70
868846.06
868854.16
868862.61
868870.90
868879.12
868887.25
868895.50
868903.42
499026.21
499031.03
499035.81
499040.60
499045.47
499050.39
499055.19
499059.84
499064.69
499069.45
499074.17
499078.84
499083.58
499088.12
724101.66
724108.65
724115.59
724122.54
724129.61
724136.76
724143.72
724150.47
724157.51
724164.42
724171.28
724178.05
724184.93
724191.52
981317.49
981326.97
981336.37
981345.80
981355.38
981365.07
981374.51
981383.66
981393.20
981402.57
981411.86
981421.04
981430.36
981439.30
965247.51
965256.84
965266.08
965275.35
965284.78
965294.31
965303.60
965312.60
965321.98
965331.20
965340.33
965349.36
965358.53
965367.33
466886.26
466890.76
466895.23
466899.71
466904.27
466908.88
466913.36
466917.72
466922.25
466926.71
466931.12
466935.48
466939.92
466944.17
627634.13
627640.19
627646.20
627652.23
627658.35
627664.55
627670.58
627676.44
627682.53
627688.53
627694.46
627700.33
627706.29
627712.01
515112.22
515117.20
515122.13
515127.07
515132.10
515137.18
515142.13
515146.93
515151.94
515156.85
515161.73
515166.54
515171.43
515176.12
900935.54
900944.24
900952.87
900961.53
900970.32
900979.22
900987.89
900996.29
901005.04
901013.65
901022.17
901030.60
901039.16
901047.37
949161.50
949170.68
949179.76
949188.88
949198.15
949207.52
949216.65
949225.51
949234.73
949243.80
949252.78
949261.65
949270.68
949279.32
1125995.38
1126006.26
1126017.05
1126027.87
1126038.86
1126049.98
1126060.82
1126071.32
1126082.26
1126093.02
1126103.68
1126114.21
1126124.91
1126135.17
482956.24
482960.90
482965.52
482970.16
482974.87
482979.63
482984.28
482988.78
482993.47
482998.08
483002.65
483007.16
483011.75
483016.14
643720.14
643726.36
643732.52
643738.70
643744.98
643751.34
643757.53
643763.53
643769.79
643775.93
643782.02
643788.04
643794.15
643800.02
675860.09
675866.62
675873.09
675879.58
675886.18
675892.85
675899.35
675905.65
675912.22
675918.68
675925.07
675931.39
675937.81
675943.97
772327.62
772335.08
772342.48
772349.90
772357.44
772365.06
772372.49
772379.69
772387.20
772394.57
772401.88
772409.10
772416.44
772423.48
627634.13
627640.19
627646.20
627652.23
627658.35
627664.55
627670.58
627676.44
627682.53
627688.53
627694.46
627700.33
627706.29
627712.01
724101.66
724108.65
724115.59
724122.54
724129.61
724136.76
724143.72
724150.47
724157.51
724164.42
724171.28
724178.05
724184.93
724191.52
257880.79
257883.28
257885.74
257888.22
257890.73
257893.27
257895.75
257898.15
257900.65
257903.11
257905.54
257907.95
257910.40
257912.74
756257.65
756264.95
756272.19
756279.46
756286.84
756294.30
756301.58
756308.63
756315.98
756323.20
756330.36
756337.43
756344.61
756351.50
788413.63
788421.25
788428.80
788436.37
788444.07
788451.85
788459.43
788466.79
788474.45
788481.98
788489.44
788496.81
788504.30
788511.48
531182.20
531187.33
531192.41
531197.52
531202.70
531207.94
531213.05
531218.00
531223.16
531228.23
531233.25
531238.22
531243.26
531248.10
708031.68
708038.52
708045.30
708052.10
708059.01
708066.00
708072.81
708079.41
708086.29
708093.05
708099.75
708106.37
708113.10
708119.55
804483.61
804491.38
804499.08
804506.81
804514.67
804522.61
804530.35
804537.85
804545.67
804553.35
804560.96
804568.48
804576.13
804583.46
563338.19
563343.63
563349.02
563354.43
563359.93
563365.49
563370.90
563376.15
563381.63
563387.00
563392.33
563397.60
563402.95
563408.08
900935.54
900944.24
900952.87
900961.53
900970.32
900979.22
900987.89
900996.29
901005.04
901013.65
901022.17
901030.60
901039.16
901047.37
675860.09
675866.62
675873.09
675879.58
675886.18
675892.85
675899.35
675905.65
675912.22
675918.68
675925.07
675931.39
675937.81
675943.97
1109925.41
1109936.13
1109946.76
1109957.43
1109968.27
1109979.22
1109989.90
1110000.26
1110011.05
1110021.65
1110032.15
1110042.53
1110053.08
1110063.20
386504.31
386508.04
386511.73
386515.44
386519.21
386523.02
386526.74
386530.34
386534.09
386537.78
386541.43
386545.04
386548.71
386552.23
852709.57
852717.81
852725.98
852734.17
852742.50
852750.91
852759.12
852767.07
852775.36
852783.50
852791.57
852799.54
852807.64
852815.41
724101.66
724108.65
724115.59
724122.54
724129.61
724136.76
724143.72
724150.47
724157.51
724164.42
724171.28
724178.05
724184.93
724191.52
434730.27
434734.47
434738.63
434742.80
434747.04
434751.33
434755.51
434759.56
434763.78
434767.93
434772.04
434776.10
434780.23
434784.19
772327.62
772335.08
772342.48
772349.90
772357.44
772365.06
772372.49
772379.69
772387.20
772394.57
772401.88
772409.10
772416.44
772423.48
836639.60
836647.68
836655.69
836663.73
836671.90
836680.15
836688.20
836696.01
836704.14
836712.13
836720.04
836727.87
836735.82
836743.44
884865.56
884874.11
884882.58
884891.08
884899.72
884908.46
884916.97
884925.22
884933.82
884942.27
884950.65
884958.92
884967.33
884975.39
418644.26
418648.31
418652.31
418656.33
418660.41
418664.54
418668.57
418672.47
418676.53
418680.53
418684.49
418688.40
418692.37
418696.18
595478.14
595483.89
595489.59
595495.31
595501.13
595507.00
595512.73
595518.28
595524.07
595529.75
595535.38
595540.95
595546.61
595552.03
547252.18
547257.46
547262.70
547267.96
547273.30
547278.70
547283.96
547289.06
547294.38
547299.60
547304.78
547309.89
547315.09
547320.07
804483.61
804491.38
804499.08
804506.81
804514.67
804522.61
804530.35
804537.85
804545.67
804553.35
804560.96
804568.48
804576.13
804583.46
852709.57
852717.81
852725.98
852734.17
852742.50
852750.91
852759.12
852767.07
852775.36
852783.50
852791.57
852799.54
852807.64
852815.41
740187.67
740194.82
740201.90
740209.01
740216.24
740223.54
740230.67
740237.57
740244.76
740251.83
740258.83
740265.75
740272.78
740279.53
772327.62
772335.08
772342.48
772349.90
772357.44
772365.06
772372.49
772379.69
772387.20
772394.57
772401.88
772409.10
772416.44
772423.48
515112.22
515117.20
515122.13
515127.07
515132.10
515137.18
515142.13
515146.93
515151.94
515156.85
515161.73
515166.54
515171.43
515176.12
981317.49
981326.97
981336.37
981345.80
981355.38
981365.07
981374.51
981383.66
981393.20
981402.57
981411.86
981421.04
981430.36
981439.30
675860.09
675866.62
675873.09
675879.58
675886.18
675892.85
675899.35
675905.65
675912.22
675918.68
675925.07
675931.39
675937.81
675943.97
1013473.48
1013483.27
1013492.97
1013502.71
1013512.61
1013522.61
1013532.37
1013541.82
1013551.67
1013561.35
1013570.94
1013580.42
1013590.05
1013599.28
917021.55
917030.41
917039.19
917048.00
917056.95
917066.01
917074.83
917083.38
917092.29
917101.05
917109.73
917118.30
917127.02
917135.37
691946.10
691952.79
691959.41
691966.06
691972.81
691979.64
691986.30
691992.75
691999.47
692006.08
692012.62
692019.09
692025.67
692031.97
659790.11
659796.49
659802.80
659809.14
659815.58
659822.09
659828.44
659834.59
659841.00
659847.30
659853.54
659859.71
659865.98
659871.99
900935.54
900944.24
900952.87
900961.53
900970.32
900979.22
900987.89
900996.29
901005.04
901013.65
901022.17
901030.60
901039.16
901047.37
1029543.45
1029553.40
1029563.26
1029573.15
1029583.21
1029593.37
1029603.28
1029612.88
1029622.89
1029632.72
1029642.47
1029652.09
1029661.88
1029671.26
675860.09
675866.62
675873.09
675879.58
675886.18
675892.85
675899.35
675905.65
675912.22
675918.68
675925.07
675931.39
675937.81
675943.97
949161.50
949170.68
949179.76
949188.88
949198.15
949207.52
949216.65
949225.51
949234.73
949243.80
949252.78
949261.65
949270.68
949279.32
595478.14
595483.89
595489.59
595495.31
595501.13
595507.00
595512.73
595518.28
595524.07
595529.75
595535.38
595540.95
595546.61
595552.03
852709.57
852717.81
852725.98
852734.17
852742.50
852750.91
852759.12
852767.07
852775.36
852783.50
852791.57
852799.54
852807.64
852815.41
884865.56
884874.11
884882.58
884891.08
884899.72
884908.46
884916.97
884925.22
884933.82
884942.27
884950.65
884958.92
884967.33
884975.39
788413.63
788421.25
788428.80
788436.37
788444.07
788451.85
788459.43
788466.79
788474.45
788481.98
788489.44
788496.81
788504.30
788511.48
595478.14
595483.89
595489.59
595495.31
595501.13
595507.00
595512.73
595518.28
595524.07
595529.75
595535.38
595540.95
595546.61
595552.03
884865.56
884874.11
884882.58
884891.08
884899.72
884908.46
884916.97
884925.22
884933.82
884942.27
884950.65
884958.92
884967.33
884975.39
595478.14
595483.89
595489.59
595495.31
595501.13
595507.00
595512.73
595518.28
595524.07
595529.75
595535.38
595540.95
595546.61
595552.03
933091.52
933100.54
933109.47
933118.44
933127.55
933136.76
933145.74
933154.44
933163.51
933172.42
933181.25
933189.98
933198.85
933207.35
852709.57
852717.81
852725.98
852734.17
852742.50
852750.91
852759.12
852767.07
852775.36
852783.50
852791.57
852799.54
852807.64
852815.41
724101.66
724108.65
724115.59
724122.54
724129.61
724136.76
724143.72
724150.47
724157.51
724164.42
724171.28
724178.05
724184.93
724191.52
949161.50
949170.68
949179.76
949188.88
949198.15
949207.52
949216.65
949225.51
949234.73
949243.80
949252.78
949261.65
949270.68
949279.32
820569.62
820577.55
820585.40
820593.28
820601.30
820609.40
820617.29
820624.94
820632.92
820640.75
820648.52
820656.19
820663.99
820671.46
740187.67
740194.82
740201.90
740209.01
740216.24
740223.54
740230.67
740237.57
740244.76
740251.83
740258.83
740265.75
740272.78
740279.53
836639.60
836647.68
836655.69
836663.73
836671.90
836680.15
836688.20
836696.01
836704.14
836712.13
836720.04
836727.87
836735.82
836743.44
788413.63
788421.25
788428.80
788436.37
788444.07
788451.85
788459.43
788466.79
788474.45
788481.98
788489.44
788496.81
788504.30
788511.48
949161.50
949170.68
949179.76
949188.88
949198.15
949207.52
949216.65
949225.51
949234.73
949243.80
949252.78
949261.65
949270.68
949279.32
1045629.46
1045639.57
1045649.58
1045659.63
1045669.84
1045680.16
1045690.22
1045699.97
1045710.14
1045720.12
1045730.02
1045739.80
1045749.74
1045759.26
675860.09
675866.62
675873.09
675879.58
675886.18
675892.85
675899.35
675905.65
675912.22
675918.68
675925.07
675931.39
675937.81
675943.97
659790.11
659796.49
659802.80
659809.14
659815.58
659822.09
659828.44
659834.59
659841.00
659847.30
659853.54
659859.71
659865.98
659871.99
643720.14
643726.36
643732.52
643738.70
643744.98
643751.34
643757.53
643763.53
643769.79
643775.93
643782.02
643788.04
643794.15
643800.02
482956.24
482960.90
482965.52
482970.16
482974.87
482979.63
482984.28
482988.78
482993.47
482998.08
483002.65
483007.16
483011.75
483016.14
804483.61
804491.38
804499.08
804506.81
804514.67
804522.61
804530.35
804537.85
804545.67
804553.35
804560.96
804568.48
804576.13
804583.46
499026.21
499031.03
499035.81
499040.60
499045.47
499050.39
499055.19
499059.84
499064.69
499069.45
499074.17
499078.84
499083.58
499088.12
1238548.92
1238560.89
1238572.75
1238584.65
1238596.75
1238608.98
1238620.90
1238632.45
1238644.49
1238656.32
1238668.04
1238679.63
1238691.40
1238702.69
643720.14
643726.36
643732.52
643738.70
643744.98
643751.34
643757.53
643763.53
643769.79
643775.93
643782.02
643788.04
643794.15
643800.02
708031.68
708038.52
708045.30
708052.10
708059.01
708066.00
708072.81
708079.41
708086.29
708093.05
708099.75
708106.37
708113.10
708119.55
852709.57
852717.81
852725.98
852734.17
852742.50
852750.91
852759.12
852767.07
852775.36
852783.50
852791.57
852799.54
852807.64
852815.41
1158166.97
1158178.16
1158189.25
1158200.38
1158211.69
1158223.13
1158234.27
1158245.07
1158256.33
1158267.39
1158278.36
1158289.19
1158300.20
1158310.75
579408.16
579413.76
579419.31
579424.87
579430.53
579436.24
579441.82
579447.22
579452.85
579458.38
579463.86
579469.27
579474.78
579480.05
659790.11
659796.49
659802.80
659809.14
659815.58
659822.09
659828.44
659834.59
659841.00
659847.30
659853.54
659859.71
659865.98
659871.99
659790.11
659796.49
659802.80
659809.14
659815.58
659822.09
659828.44
659834.59
659841.00
659847.30
659853.54
659859.71
659865.98
659871.99
611564.15
611570.06
611575.91
611581.79
611587.76
611593.79
611599.67
611605.37
611611.32
611617.15
611622.94
611628.66
611634.47
611640.04
756257.65
756264.95
756272.19
756279.46
756286.84
756294.30
756301.58
756308.63
756315.98
756323.20
756330.36
756337.43
756344.61
756351.50
450800.25
450804.60
450808.92
450813.24
450817.64
450822.09
450826.42
450830.62
450835.00
450839.30
450843.57
450847.78
450852.06
450856.16
499026.21
499031.03
499035.81
499040.60
499045.47
499050.39
499055.19
499059.84
499064.69
499069.45
499074.17
499078.84
499083.58
499088.12
804483.61
804491.38
804499.08
804506.81
804514.67
804522.61
804530.35
804537.85
804545.67
804553.35
804560.96
804568.48
804576.13
804583.46
579408.16
579413.76
579419.31
579424.87
579430.53
579436.24
579441.82
579447.22
579452.85
579458.38
579463.86
579469.27
579474.78
579480.05
917021.55
917030.41
917039.19
917048.00
917056.95
917066.01
917074.83
917083.38
917092.29
917101.05
917109.73
917118.30
917127.02
917135.37
708031.68
708038.52
708045.30
708052.10
708059.01
708066.00
708072.81
708079.41
708086.29
708093.05
708099.75
708106.37
708113.10
708119.55
756257.65
756264.95
756272.19
756279.46
756286.84
756294.30
756301.58
756308.63
756315.98
756323.20
756330.36
756337.43
756344.61
756351.50
659790.11
659796.49
659802.80
659809.14
659815.58
659822.09
659828.44
659834.59
659841.00
659847.30
659853.54
659859.71
659865.98
659871.99
836639.60
836647.68
836655.69
836663.73
836671.90
836680.15
836688.20
836696.01
836704.14
836712.13
836720.04
836727.87
836735.82
836743.44
466886.26
466890.76
466895.23
466899.71
466904.27
466908.88
466913.36
466917.72
466922.25
466926.71
466931.12
466935.48
466939.92
466944.17
724101.66
724108.65
724115.59
724122.54
724129.61
724136.76
724143.72
724150.47
724157.51
724164.42
724171.28
724178.05
724184.93
724191.52
997403.50
997413.13
997422.68
997432.27
997442.01
997451.85
997461.45
997470.75
997480.45
997489.97
997499.41
997508.74
997518.22
997527.31
257880.79
257883.28
257885.74
257888.22
257890.73
257893.27
257895.75
257898.15
257900.65
257903.11
257905.54
257907.95
257910.40
257912.74
740187.67
740194.82
740201.90
740209.01
740216.24
740223.54
740230.67
740237.57
740244.76
740251.83
740258.83
740265.75
740272.78
740279.53
675860.09
675866.62
675873.09
675879.58
675886.18
675892.85
675899.35
675905.65
675912.22
675918.68
675925.07
675931.39
675937.81
675943.97
1093855.43
1093866.00
1093876.47
1093886.98
1093897.67
1093908.46
1093918.99
1093929.19
1093939.83
1093950.27
1093960.63
1093970.86
1093981.25
1093991.22
836639.60
836647.68
836655.69
836663.73
836671.90
836680.15
836688.20
836696.01
836704.14
836712.13
836720.04
836727.87
836735.82
836743.44
1029543.45
1029553.40
1029563.26
1029573.15
1029583.21
1029593.37
1029603.28
1029612.88
1029622.89
1029632.72
1029642.47
1029652.09
1029661.88
1029671.26
724101.66
724108.65
724115.59
724122.54
724129.61
724136.76
724143.72
724150.47
724157.51
724164.42
724171.28
724178.05
724184.93
724191.52
740187.67
740194.82
740201.90
740209.01
740216.24
740223.54
740230.67
740237.57
740244.76
740251.83
740258.83
740265.75
740272.78
740279.53
691946.10
691952.79
691959.41
691966.06
691972.81
691979.64
691986.30
691992.75
691999.47
692006.08
692012.62
692019.09
692025.67
692031.97
691946.10
691952.79
691959.41
691966.06
691972.81
691979.64
691986.30
691992.75
691999.47
692006.08
692012.62
692019.09
692025.67
692031.97
450800.25
450804.60
450808.92
450813.24
450817.64
450822.09
450826.42
450830.62
450835.00
450839.30
450843.57
450847.78
450852.06
450856.16
981317.49
981326.97
981336.37
981345.80
981355.38
981365.07
981374.51
981383.66
981393.20
981402.57
981411.86
981421.04
981430.36
981439.30
965247.51
965256.84
965266.08
965275.35
965284.78
965294.31
965303.60
965312.60
965321.98
965331.20
965340.33
965349.36
965358.53
965367.33
675860.09
675866.62
675873.09
675879.58
675886.18
675892.85
675899.35
675905.65
675912.22
675918.68
675925.07
675931.39
675937.81
675943.97
756257.65
756264.95
756272.19
756279.46
756286.84
756294.30
756301.58
756308.63
756315.98
756323.20
756330.36
756337.43
756344.61
756351.50
836639.60
836647.68
836655.69
836663.73
836671.90
836680.15
836688.20
836696.01
836704.14
836712.13
836720.04
836727.87
836735.82
836743.44
675860.09
675866.62
675873.09
675879.58
675886.18
675892.85
675899.35
675905.65
675912.22
675918.68
675925.07
675931.39
675937.81
675943.97
852709.57
852717.81
852725.98
852734.17
852742.50
852750.91
852759.12
852767.07
852775.36
852783.50
852791.57
852799.54
852807.64
852815.41
418644.26
418648.31
418652.31
418656.33
418660.41
418664.54
418668.57
418672.47
418676.53
418680.53
418684.49
418688.40
418692.37
418696.18
981317.49
981326.97
981336.37
981345.80
981355.38
981365.07
981374.51
981383.66
981393.20
981402.57
981411.86
981421.04
981430.36
981439.30
933091.52
933100.54
933109.47
933118.44
933127.55
933136.76
933145.74
933154.44
933163.51
933172.42
933181.25
933189.98
933198.85
933207.35
949161.50
949170.68
949179.76
949188.88
949198.15
949207.52
949216.65
949225.51
949234.73
949243.80
949252.78
949261.65
949270.68
949279.32
997403.50
997413.13
997422.68
997432.27
997442.01
997451.85
997461.45
997470.75
997480.45
997489.97
997499.41
997508.74
997518.22
997527.31
81046.91
81047.69
81048.46
81049.23
81050.02
81050.81
81051.58
81052.33
81053.12
81053.88
81054.65
81055.40
81056.16
81056.89
675860.09
675866.62
675873.09
675879.58
675886.18
675892.85
675899.35
675905.65
675912.22
675918.68
675925.07
675931.39
675937.81
675943.97
1109925.41
1109936.13
1109946.76
1109957.43
1109968.27
1109979.22
1109989.90
1110000.26
1110011.05
1110021.65
1110032.15
1110042.53
1110053.08
1110063.20
740187.67
740194.82
740201.90
740209.01
740216.24
740223.54
740230.67
740237.57
740244.76
740251.83
740258.83
740265.75
740272.78
740279.53
499026.21
499031.03
499035.81
499040.60
499045.47
499050.39
499055.19
499059.84
499064.69
499069.45
499074.17
499078.84
499083.58
499088.12
836639.60
836647.68
836655.69
836663.73
836671.90
836680.15
836688.20
836696.01
836704.14
836712.13
836720.04
836727.87
836735.82
836743.44
772327.62
772335.08
772342.48
772349.90
772357.44
772365.06
772372.49
772379.69
772387.20
772394.57
772401.88
772409.10
772416.44
772423.48
547252.18
547257.46
547262.70
547267.96
547273.30
547278.70
547283.96
547289.06
547294.38
547299.60
547304.78
547309.89
547315.09
547320.07
1125995.38
1126006.26
1126017.05
1126027.87
1126038.86
1126049.98
1126060.82
1126071.32
1126082.26
1126093.02
1126103.68
1126114.21
1126124.91
1126135.17
852709.57
852717.81
852725.98
852734.17
852742.50
852750.91
852759.12
852767.07
852775.36
852783.50
852791.57
852799.54
852807.64
852815.41
611564.15
611570.06
611575.91
611581.79
611587.76
611593.79
611599.67
611605.37
611611.32
611617.15
611622.94
611628.66
611634.47
611640.04
708031.68
708038.52
708045.30
708052.10
708059.01
708066.00
708072.81
708079.41
708086.29
708093.05
708099.75
708106.37
708113.10
708119.55
981317.49
981326.97
981336.37
981345.80
981355.38
981365.07
981374.51
981383.66
981393.20
981402.57
981411.86
981421.04
981430.36
981439.30
450800.25
450804.60
450808.92
450813.24
450817.64
450822.09
450826.42
450830.62
450835.00
450839.30
450843.57
450847.78
450852.06
450856.16
482956.24
482960.90
482965.52
482970.16
482974.87
482979.63
482984.28
482988.78
482993.47
482998.08
483002.65
483007.16
483011.75
483016.14
113202.90
113203.99
113205.06
113206.15
113207.25
113208.36
113209.44
113210.49
113211.59
113212.66
113213.73
113214.78
113215.85
113216.88
643720.14
643726.36
643732.52
643738.70
643744.98
643751.34
643757.53
643763.53
643769.79
643775.93
643782.02
643788.04
643794.15
643800.02
64960.90
64961.52
64962.14
64962.76
64963.39
64964.02
64964.64
64965.24
64965.87
64966.48
64967.09
64967.69
64968.30
64968.89
579408.16
579413.76
579419.31
579424.87
579430.53
579436.24
579441.82
579447.22
579452.85
579458.38
579463.86
579469.27
579474.78
579480.05
740187.67
740194.82
740201.90
740209.01
740216.24
740223.54
740230.67
740237.57
740244.76
740251.83
740258.83
740265.75
740272.78
740279.53
852709.57
852717.81
852725.98
852734.17
852742.50
852750.91
852759.12
852767.07
852775.36
852783.50
852791.57
852799.54
852807.64
852815.41
724101.66
724108.65
724115.59
724122.54
724129.61
724136.76
724143.72
724150.47
724157.51
724164.42
724171.28
724178.05
724184.93
724191.52
1029543.45
1029553.40
1029563.26
1029573.15
1029583.21
1029593.37
1029603.28
1029612.88
1029622.89
1029632.72
1029642.47
1029652.09
1029661.88
1029671.26
1190322.96
1190334.46
1190345.86
1190357.30
1190368.92
1190380.67
1190392.13
1190403.23
1190414.80
1190426.17
1190437.44
1190448.57
1190459.89
1190470.73
965247.51
965256.84
965266.08
965275.35
965284.78
965294.31
965303.60
965312.60
965321.98
965331.20
965340.33
965349.36
965358.53
965367.33
788413.63
788421.25
788428.80
788436.37
788444.07
788451.85
788459.43
788466.79
788474.45
788481.98
788489.44
788496.81
788504.30
788511.48
691946.10
691952.79
691959.41
691966.06
691972.81
691979.64
691986.30
691992.75
691999.47
692006.08
692012.62
692019.09
692025.67
692031.97
868795.58
868803.98
868812.29
868820.64
868829.13
868837.70
868846.06
868854.16
868862.61
868870.90
868879.12
868887.25
868895.50
868903.42
836639.60
836647.68
836655.69
836663.73
836671.90
836680.15
836688.20
836696.01
836704.14
836712.13
836720.04
836727.87
836735.82
836743.44
515112.22
515117.20
515122.13
515127.07
515132.10
515137.18
515142.13
515146.93
515151.94
515156.85
515161.73
515166.54
515171.43
515176.12
531182.20
531187.33
531192.41
531197.52
531202.70
531207.94
531213.05
531218.00
531223.16
531228.23
531233.25
531238.22
531243.26
531248.10
820569.62
820577.55
820585.40
820593.28
820601.30
820609.40
820617.29
820624.94
820632.92
820640.75
820648.52
820656.19
820663.99
820671.46
531182.20
531187.33
531192.41
531197.52
531202.70
531207.94
531213.05
531218.00
531223.16
531228.23
531233.25
531238.22
531243.26
531248.10
836639.60
836647.68
836655.69
836663.73
836671.90
836680.15
836688.20
836696.01
836704.14
836712.13
836720.04
836727.87
836735.82
836743.44
756257.65
756264.95
756272.19
756279.46
756286.84
756294.30
756301.58
756308.63
756315.98
756323.20
756330.36
756337.43
756344.61
756351.50
708031.68
708038.52
708045.30
708052.10
708059.01
708066.00
708072.81
708079.41
708086.29
708093.05
708099.75
708106.37
708113.10
708119.55
418644.26
418648.31
418652.31
418656.33
418660.41
418664.54
418668.57
418672.47
418676.53
418680.53
418684.49
418688.40
418692.37
418696.18
1254618.90
1254631.02
1254643.04
1254655.10
1254667.35
1254679.74
1254691.81
1254703.51
1254715.71
1254727.69
1254739.57
1254751.30
1254763.23
1254774.66
563338.19
563343.63
563349.02
563354.43
563359.93
563365.49
563370.90
563376.15
563381.63
563387.00
563392.33
563397.60
563402.95
563408.08
611564.15
611570.06
611575.91
611581.79
611587.76
611593.79
611599.67
611605.37
611611.32
611617.15
611622.94
611628.66
611634.47
611640.04
611564.15
611570.06
611575.91
611581.79
611587.76
611593.79
611599.67
611605.37
611611.32
611617.15
611622.94
611628.66
611634.47
611640.04
547252.18
547257.46
547262.70
547267.96
547273.30
547278.70
547283.96
547289.06
547294.38
547299.60
547304.78
547309.89
547315.09
547320.07
740187.67
740194.82
740201.90
740209.01
740216.24
740223.54
740230.67
740237.57
740244.76
740251.83
740258.83
740265.75
740272.78
740279.53
949161.50
949170.68
949179.76
949188.88
949198.15
949207.52
949216.65
949225.51
949234.73
949243.80
949252.78
949261.65
949270.68
949279.32
627634.13
627640.19
627646.20
627652.23
627658.35
627664.55
627670.58
627676.44
627682.53
627688.53
627694.46
627700.33
627706.29
627712.01
756257.65
756264.95
756272.19
756279.46
756286.84
756294.30
756301.58
756308.63
756315.98
756323.20
756330.36
756337.43
756344.61
756351.50
515112.22
515117.20
515122.13
515127.07
515132.10
515137.18
515142.13
515146.93
515151.94
515156.85
515161.73
515166.54
515171.43
515176.12
756257.65
756264.95
756272.19
756279.46
756286.84
756294.30
756301.58
756308.63
756315.98
756323.20
756330.36
756337.43
756344.61
756351.50
708031.68
708038.52
708045.30
708052.10
708059.01
708066.00
708072.81
708079.41
708086.29
708093.05
708099.75
708106.37
708113.10
708119.55
852709.57
852717.81
852725.98
852734.17
852742.50
852750.91
852759.12
852767.07
852775.36
852783.50
852791.57
852799.54
852807.64
852815.41
933091.52
933100.54
933109.47
933118.44
933127.55
933136.76
933145.74
933154.44
933163.51
933172.42
933181.25
933189.98
933198.85
933207.35
563338.19
563343.63
563349.02
563354.43
563359.93
563365.49
563370.90
563376.15
563381.63
563387.00
563392.33
563397.60
563402.95
563408.08
627634.13
627640.19
627646.20
627652.23
627658.35
627664.55
627670.58
627676.44
627682.53
627688.53
627694.46
627700.33
627706.29
627712.01
820569.62
820577.55
820585.40
820593.28
820601.30
820609.40
820617.29
820624.94
820632.92
820640.75
820648.52
820656.19
820663.99
820671.46
804483.61
804491.38
804499.08
804506.81
804514.67
804522.61
804530.35
804537.85
804545.67
804553.35
804560.96
804568.48
804576.13
804583.46
852709.57
852717.81
852725.98
852734.17
852742.50
852750.91
852759.12
852767.07
852775.36
852783.50
852791.57
852799.54
852807.64
852815.41
1061699.44
1061709.70
1061719.87
1061730.07
1061740.44
1061750.92
1061761.14
1061771.04
1061781.36
1061791.50
1061801.55
1061811.47
1061821.57
1061831.24
724101.66
724108.65
724115.59
724122.54
724129.61
724136.76
724143.72
724150.47
724157.51
724164.42
724171.28
724178.05
724184.93
724191.52
290052.38
290055.18
290057.95
290060.73
290063.56
290066.42
290069.20
290071.90
290074.72
290077.48
290080.22
290082.93
290085.68
290088.32
1174252.98
1174264.33
1174275.57
1174286.85
1174298.32
1174309.91
1174321.22
1174332.17
1174343.58
1174354.80
1174365.91
1174376.89
1174388.06
1174398.76
691946.10
691952.79
691959.41
691966.06
691972.81
691979.64
691986.30
691992.75
691999.47
692006.08
692012.62
692019.09
692025.67
692031.97
1109925.41
1109936.13
1109946.76
1109957.43
1109968.27
1109979.22
1109989.90
1110000.26
1110011.05
1110021.65
1110032.15
1110042.53
1110053.08
1110063.20
740187.67
740194.82
740201.90
740209.01
740216.24
740223.54
740230.67
740237.57
740244.76
740251.83
740258.83
740265.75
740272.78
740279.53
868795.58
868803.98
868812.29
868820.64
868829.13
868837.70
868846.06
868854.16
868862.61
868870.90
868879.12
868887.25
868895.50
868903.42
547252.18
547257.46
547262.70
547267.96
547273.30
547278.70
547283.96
547289.06
547294.38
547299.60
547304.78
547309.89
547315.09
547320.07
820569.62
820577.55
820585.40
820593.28
820601.30
820609.40
820617.29
820624.94
820632.92
820640.75
820648.52
820656.19
820663.99
820671.46
643720.14
643726.36
643732.52
643738.70
643744.98
643751.34
643757.53
643763.53
643769.79
643775.93
643782.02
643788.04
643794.15
643800.02
1013473.48
1013483.27
1013492.97
1013502.71
1013512.61
1013522.61
1013532.37
1013541.82
1013551.67
1013561.35
1013570.94
1013580.42
1013590.05
1013599.28
531182.20
531187.33
531192.41
531197.52
531202.70
531207.94
531213.05
531218.00
531223.16
531228.23
531233.25
531238.22
531243.26
531248.10
627634.13
627640.19
627646.20
627652.23
627658.35
627664.55
627670.58
627676.44
627682.53
627688.53
627694.46
627700.33
627706.29
627712.01
1045629.46
1045639.57
1045649.58
1045659.63
1045669.84
1045680.16
1045690.22
1045699.97
1045710.14
1045720.12
1045730.02
1045739.80
1045749.74
1045759.26
113202.90
113203.99
113205.06
113206.15
113207.25
113208.36
113209.44
113210.49
113211.59
113212.66
113213.73
113214.78
113215.85
113216.88
499026.21
499031.03
499035.81
499040.60
499045.47
499050.39
499055.19
499059.84
499064.69
499069.45
499074.17
499078.84
499083.58
499088.12
531182.20
531187.33
531192.41
531197.52
531202.70
531207.94
531213.05
531218.00
531223.16
531228.23
531233.25
531238.22
531243.26
531248.10
1061699.44
1061709.70
1061719.87
1061730.07
1061740.44
1061750.92
1061761.14
1061771.04
1061781.36
1061791.50
1061801.55
1061811.47
1061821.57
1061831.24
370418.30
370421.87
370425.42
370428.97
370432.59
370436.24
370439.80
370443.25
370446.85
370450.38
370453.88
370457.34
370460.86
370464.23
579408.16
579413.76
579419.31
579424.87
579430.53
579436.24
579441.82
579447.22
579452.85
579458.38
579463.86
579469.27
579474.78
579480.05
595478.14
595483.89
595489.59
595495.31
595501.13
595507.00
595512.73
595518.28
595524.07
595529.75
595535.38
595540.95
595546.61
595552.03
852709.57
852717.81
852725.98
852734.17
852742.50
852750.91
852759.12
852767.07
852775.36
852783.50
852791.57
852799.54
852807.64
852815.41
933091.52
933100.54
933109.47
933118.44
933127.55
933136.76
933145.74
933154.44
933163.51
933172.42
933181.25
933189.98
933198.85
933207.35
836639.60
836647.68
836655.69
836663.73
836671.90
836680.15
836688.20
836696.01
836704.14
836712.13
836720.04
836727.87
836735.82
836743.44
675860.09
675866.62
675873.09
675879.58
675886.18
675892.85
675899.35
675905.65
675912.22
675918.68
675925.07
675931.39
675937.81
675943.97
482956.24
482960.90
482965.52
482970.16
482974.87
482979.63
482984.28
482988.78
482993.47
482998.08
483002.65
483007.16
483011.75
483016.14
868795.58
868803.98
868812.29
868820.64
868829.13
868837.70
868846.06
868854.16
868862.61
868870.90
868879.12
868887.25
868895.50
868903.42
627634.13
627640.19
627646.20
627652.23
627658.35
627664.55
627670.58
627676.44
627682.53
627688.53
627694.46
627700.33
627706.29
627712.01
595478.14
595483.89
595489.59
595495.31
595501.13
595507.00
595512.73
595518.28
595524.07
595529.75
595535.38
595540.95
595546.61
595552.03
949161.50
949170.68
949179.76
949188.88
949198.15
949207.52
949216.65
949225.51
949234.73
949243.80
949252.78
949261.65
949270.68
949279.32
466886.26
466890.76
466895.23
466899.71
466904.27
466908.88
466913.36
466917.72
466922.25
466926.71
466931.12
466935.48
466939.92
466944.17
900935.54
900944.24
900952.87
900961.53
900970.32
900979.22
900987.89
900996.29
901005.04
901013.65
901022.17
901030.60
901039.16
901047.37
627634.13
627640.19
627646.20
627652.23
627658.35
627664.55
627670.58
627676.44
627682.53
627688.53
627694.46
627700.33
627706.29
627712.01
997403.50
997413.13
997422.68
997432.27
997442.01
997451.85
997461.45
997470.75
997480.45
997489.97
997499.41
997508.74
997518.22
997527.31
965247.51
965256.84
965266.08
965275.35
965284.78
965294.31
965303.60
965312.60
965321.98
965331.20
965340.33
965349.36
965358.53
965367.33
900935.54
900944.24
900952.87
900961.53
900970.32
900979.22
900987.89
900996.29
901005.04
901013.65
901022.17
901030.60
901039.16
901047.37
547252.18
547257.46
547262.70
547267.96
547273.30
547278.70
547283.96
547289.06
547294.38
547299.60
547304.78
547309.89
547315.09
547320.07
917021.55
917030.41
917039.19
917048.00
917056.95
917066.01
917074.83
917083.38
917092.29
917101.05
917109.73
917118.30
917127.02
917135.37
547252.18
547257.46
547262.70
547267.96
547273.30
547278.70
547283.96
547289.06
547294.38
547299.60
547304.78
547309.89
547315.09
547320.07
691946.10
691952.79
691959.41
691966.06
691972.81
691979.64
691986.30
691992.75
691999.47
692006.08
692012.62
692019.09
692025.67
692031.97
595478.14
595483.89
595489.59
595495.31
595501.13
595507.00
595512.73
595518.28
595524.07
595529.75
595535.38
595540.95
595546.61
595552.03
836639.60
836647.68
836655.69
836663.73
836671.90
836680.15
836688.20
836696.01
836704.14
836712.13
836720.04
836727.87
836735.82
836743.44
900935.54
900944.24
900952.87
900961.53
900970.32
900979.22
900987.89
900996.29
901005.04
901013.65
901022.17
901030.60
901039.16
901047.37
531182.20
531187.33
531192.41
531197.52
531202.70
531207.94
531213.05
531218.00
531223.16
531228.23
531233.25
531238.22
531243.26
531248.10
499026.21
499031.03
499035.81
499040.60
499045.47
499050.39
499055.19
499059.84
499064.69
499069.45
499074.17
499078.84
499083.58
499088.12
563338.19
563343.63
563349.02
563354.43
563359.93
563365.49
563370.90
563376.15
563381.63
563387.00
563392.33
563397.60
563402.95
563408.08
659790.11
659796.49
659802.80
659809.14
659815.58
659822.09
659828.44
659834.59
659841.00
659847.30
659853.54
659859.71
659865.98
659871.99
836639.60
836647.68
836655.69
836663.73
836671.90
836680.15
836688.20
836696.01
836704.14
836712.13
836720.04
836727.87
836735.82
836743.44
595478.14
595483.89
595489.59
595495.31
595501.13
595507.00
595512.73
595518.28
595524.07
595529.75
595535.38
595540.95
595546.61
595552.03
547252.18
547257.46
547262.70
547267.96
547273.30
547278.70
547283.96
547289.06
547294.38
547299.60
547304.78
547309.89
547315.09
547320.07
563338.19
563343.63
563349.02
563354.43
563359.93
563365.49
563370.90
563376.15
563381.63
563387.00
563392.33
563397.60
563402.95
563408.08
772327.62
772335.08
772342.48
772349.90
772357.44
772365.06
772372.49
772379.69
772387.20
772394.57
772401.88
772409.10
772416.44
772423.48
1174252.98
1174264.33
1174275.57
1174286.85
1174298.32
1174309.91
1174321.22
1174332.17
1174343.58
1174354.80
1174365.91
1174376.89
1174388.06
1174398.76
772327.62
772335.08
772342.48
772349.90
772357.44
772365.06
772372.49
772379.69
772387.20
772394.57
772401.88
772409.10
772416.44
772423.48
884865.56
884874.11
884882.58
884891.08
884899.72
884908.46
884916.97
884925.22
884933.82
884942.27
884950.65
884958.92
884967.33
884975.39
740187.67
740194.82
740201.90
740209.01
740216.24
740223.54
740230.67
740237.57
740244.76
740251.83
740258.83
740265.75
740272.78
740279.53
563338.19
563343.63
563349.02
563354.43
563359.93
563365.49
563370.90
563376.15
563381.63
563387.00
563392.33
563397.60
563402.95
563408.08
595478.14
595483.89
595489.59
595495.31
595501.13
595507.00
595512.73
595518.28
595524.07
595529.75
595535.38
595540.95
595546.61
595552.03
852709.57
852717.81
852725.98
852734.17
852742.50
852750.91
852759.12
852767.07
852775.36
852783.50
852791.57
852799.54
852807.64
852815.41
884865.56
884874.11
884882.58
884891.08
884899.72
884908.46
884916.97
884925.22
884933.82
884942.27
884950.65
884958.92
884967.33
884975.39
981317.49
981326.97
981336.37
981345.80
981355.38
981365.07
981374.51
981383.66
981393.20
981402.57
981411.86
981421.04
981430.36
981439.30
675860.09
675866.62
675873.09
675879.58
675886.18
675892.85
675899.35
675905.65
675912.22
675918.68
675925.07
675931.39
675937.81
675943.97
724101.66
724108.65
724115.59
724122.54
724129.61
724136.76
724143.72
724150.47
724157.51
724164.42
724171.28
724178.05
724184.93
724191.52
595478.14
595483.89
595489.59
595495.31
595501.13
595507.00
595512.73
595518.28
595524.07
595529.75
595535.38
595540.95
595546.61
595552.03
1013473.48
1013483.27
1013492.97
1013502.71
1013512.61
1013522.61
1013532.37
1013541.82
1013551.67
1013561.35
1013570.94
1013580.42
1013590.05
1013599.28
740187.67
740194.82
740201.90
740209.01
740216.24
740223.54
740230.67
740237.57
740244.76
740251.83
740258.83
740265.75
740272.78
740279.53
499026.21
499031.03
499035.81
499040.60
499045.47
499050.39
499055.19
499059.84
499064.69
499069.45
499074.17
499078.84
499083.58
499088.12
852709.57
852717.81
852725.98
852734.17
852742.50
852750.91
852759.12
852767.07
852775.36
852783.50
852791.57
852799.54
852807.64
852815.41
659790.11
659796.49
659802.80
659809.14
659815.58
659822.09
659828.44
659834.59
659841.00
659847.30
659853.54
659859.71
659865.98
659871.99
836639.60
836647.68
836655.69
836663.73
836671.90
836680.15
836688.20
836696.01
836704.14
836712.13
836720.04
836727.87
836735.82
836743.44
884865.56
884874.11
884882.58
884891.08
884899.72
884908.46
884916.97
884925.22
884933.82
884942.27
884950.65
884958.92
884967.33
884975.39
547252.18
547257.46
547262.70
547267.96
547273.30
547278.70
547283.96
547289.06
547294.38
547299.60
547304.78
547309.89
547315.09
547320.07
981317.49
981326.97
981336.37
981345.80
981355.38
981365.07
981374.51
981383.66
981393.20
981402.57
981411.86
981421.04
981430.36
981439.30
466886.26
466890.76
466895.23
466899.71
466904.27
466908.88
466913.36
466917.72
466922.25
466926.71
466931.12
466935.48
466939.92
466944.17
708031.68
708038.52
708045.30
708052.10
708059.01
708066.00
708072.81
708079.41
708086.29
708093.05
708099.75
708106.37
708113.10
708119.55
643720.14
643726.36
643732.52
643738.70
643744.98
643751.34
643757.53
643763.53
643769.79
643775.93
643782.02
643788.04
643794.15
643800.02
579408.16
579413.76
579419.31
579424.87
579430.53
579436.24
579441.82
579447.22
579452.85
579458.38
579463.86
579469.27
579474.78
579480.05
241794.78
241797.11
241799.42
241801.74
241804.10
241806.48
241808.80
241811.05
241813.40
241815.70
241817.99
241820.24
241822.54
241824.74
788413.63
788421.25
788428.80
788436.37
788444.07
788451.85
788459.43
788466.79
788474.45
788481.98
788489.44
788496.81
788504.30
788511.48
675860.09
675866.62
675873.09
675879.58
675886.18
675892.85
675899.35
675905.65
675912.22
675918.68
675925.07
675931.39
675937.81
675943.97
740187.67
740194.82
740201.90
740209.01
740216.24
740223.54
740230.67
740237.57
740244.76
740251.83
740258.83
740265.75
740272.78
740279.53
884865.56
884874.11
884882.58
884891.08
884899.72
884908.46
884916.97
884925.22
884933.82
884942.27
884950.65
884958.92
884967.33
884975.39
241794.78
241797.11
241799.42
241801.74
241804.10
241806.48
241808.80
241811.05
241813.40
241815.70
241817.99
241820.24
241822.54
241824.74
756257.65
756264.95
756272.19
756279.46
756286.84
756294.30
756301.58
756308.63
756315.98
756323.20
756330.36
756337.43
756344.61
756351.50
836639.60
836647.68
836655.69
836663.73
836671.90
836680.15
836688.20
836696.01
836704.14
836712.13
836720.04
836727.87
836735.82
836743.44
852709.57
852717.81
852725.98
852734.17
852742.50
852750.91
852759.12
852767.07
852775.36
852783.50
852791.57
852799.54
852807.64
852815.41
788413.63
788421.25
788428.80
788436.37
788444.07
788451.85
788459.43
788466.79
788474.45
788481.98
788489.44
788496.81
788504.30
788511.48
1077769.42
1077779.84
1077790.16
1077800.51
1077811.04
1077821.68
1077832.05
1077842.10
1077852.58
1077862.87
1077873.07
1077883.15
1077893.40
1077903.22
434730.27
434734.47
434738.63
434742.80
434747.04
434751.33
434755.51
434759.56
434763.78
434767.93
434772.04
434776.10
434780.23
434784.19
466886.26
466890.76
466895.23
466899.71
466904.27
466908.88
466913.36
466917.72
466922.25
466926.71
466931.12
466935.48
466939.92
466944.17
1109925.41
1109936.13
1109946.76
1109957.43
1109968.27
1109979.22
1109989.90
1110000.26
1110011.05
1110021.65
1110032.15
1110042.53
1110053.08
1110063.20
675860.09
675866.62
675873.09
675879.58
675886.18
675892.85
675899.35
675905.65
675912.22
675918.68
675925.07
675931.39
675937.81
675943.97
627634.13
627640.19
627646.20
627652.23
627658.35
627664.55
627670.58
627676.44
627682.53
627688.53
627694.46
627700.33
627706.29
627712.01
820569.62
820577.55
820585.40
820593.28
820601.30
820609.40
820617.29
820624.94
820632.92
820640.75
820648.52
820656.19
820663.99
820671.46
563338.19
563343.63
563349.02
563354.43
563359.93
563365.49
563370.90
563376.15
563381.63
563387.00
563392.33
563397.60
563402.95
563408.08
836639.60
836647.68
836655.69
836663.73
836671.90
836680.15
836688.20
836696.01
836704.14
836712.13
836720.04
836727.87
836735.82
836743.44
1061699.44
1061709.70
1061719.87
1061730.07
1061740.44
1061750.92
1061761.14
1061771.04
1061781.36
1061791.50
1061801.55
1061811.47
1061821.57
1061831.24
563338.19
563343.63
563349.02
563354.43
563359.93
563365.49
563370.90
563376.15
563381.63
563387.00
563392.33
563397.60
563402.95
563408.08
1045629.46
1045639.57
1045649.58
1045659.63
1045669.84
1045680.16
1045690.22
1045699.97
1045710.14
1045720.12
1045730.02
1045739.80
1045749.74
1045759.26
659790.11
659796.49
659802.80
659809.14
659815.58
659822.09
659828.44
659834.59
659841.00
659847.30
659853.54
659859.71
659865.98
659871.99
659790.11
659796.49
659802.80
659809.14
659815.58
659822.09
659828.44
659834.59
659841.00
659847.30
659853.54
659859.71
659865.98
659871.99
466886.26
466890.76
466895.23
466899.71
466904.27
466908.88
466913.36
466917.72
466922.25
466926.71
466931.12
466935.48
466939.92
466944.17
949161.50
949170.68
949179.76
949188.88
949198.15
949207.52
949216.65
949225.51
949234.73
949243.80
949252.78
949261.65
949270.68
949279.32
515112.22
515117.20
515122.13
515127.07
515132.10
515137.18
515142.13
515146.93
515151.94
515156.85
515161.73
515166.54
515171.43
515176.12
563338.19
563343.63
563349.02
563354.43
563359.93
563365.49
563370.90
563376.15
563381.63
563387.00
563392.33
563397.60
563402.95
563408.08
595478.14
595483.89
595489.59
595495.31
595501.13
595507.00
595512.73
595518.28
595524.07
595529.75
595535.38
595540.95
595546.61
595552.03
675860.09
675866.62
675873.09
675879.58
675886.18
675892.85
675899.35
675905.65
675912.22
675918.68
675925.07
675931.39
675937.81
675943.97
611564.15
611570.06
611575.91
611581.79
611587.76
611593.79
611599.67
611605.37
611611.32
611617.15
611622.94
611628.66
611634.47
611640.04
563338.19
563343.63
563349.02
563354.43
563359.93
563365.49
563370.90
563376.15
563381.63
563387.00
563392.33
563397.60
563402.95
563408.08
643720.14
643726.36
643732.52
643738.70
643744.98
643751.34
643757.53
643763.53
643769.79
643775.93
643782.02
643788.04
643794.15
643800.02
820569.62
820577.55
820585.40
820593.28
820601.30
820609.40
820617.29
820624.94
820632.92
820640.75
820648.52
820656.19
820663.99
820671.46
949161.50
949170.68
949179.76
949188.88
949198.15
949207.52
949216.65
949225.51
949234.73
949243.80
949252.78
949261.65
949270.68
949279.32
997403.50
997413.13
997422.68
997432.27
997442.01
997451.85
997461.45
997470.75
997480.45
997489.97
997499.41
997508.74
997518.22
997527.31
820569.62
820577.55
820585.40
820593.28
820601.30
820609.40
820617.29
820624.94
820632.92
820640.75
820648.52
820656.19
820663.99
820671.46
450800.25
450804.60
450808.92
450813.24
450817.64
450822.09
450826.42
450830.62
450835.00
450839.30
450843.57
450847.78
450852.06
450856.16
563338.19
563343.63
563349.02
563354.43
563359.93
563365.49
563370.90
563376.15
563381.63
563387.00
563392.33
563397.60
563402.95
563408.08
836639.60
836647.68
836655.69
836663.73
836671.90
836680.15
836688.20
836696.01
836704.14
836712.13
836720.04
836727.87
836735.82
836743.44
740187.67
740194.82
740201.90
740209.01
740216.24
740223.54
740230.67
740237.57
740244.76
740251.83
740258.83
740265.75
740272.78
740279.53
177498.84
177500.55
177502.24
177503.95
177505.67
177507.42
177509.12
177510.77
177512.49
177514.18
177515.86
177517.51
177519.19
177520.81
708031.68
708038.52
708045.30
708052.10
708059.01
708066.00
708072.81
708079.41
708086.29
708093.05
708099.75
708106.37
708113.10
708119.55
820569.62
820577.55
820585.40
820593.28
820601.30
820609.40
820617.29
820624.94
820632.92
820640.75
820648.52
820656.19
820663.99
820671.46
868795.58
868803.98
868812.29
868820.64
868829.13
868837.70
868846.06
868854.16
868862.61
868870.90
868879.12
868887.25
868895.50
868903.42
820569.62
820577.55
820585.40
820593.28
820601.30
820609.40
820617.29
820624.94
820632.92
820640.75
820648.52
820656.19
820663.99
820671.46
981317.49
981326.97
981336.37
981345.80
981355.38
981365.07
981374.51
981383.66
981393.20
981402.57
981411.86
981421.04
981430.36
981439.30
659790.11
659796.49
659802.80
659809.14
659815.58
659822.09
659828.44
659834.59
659841.00
659847.30
659853.54
659859.71
659865.98
659871.99
933091.52
933100.54
933109.47
933118.44
933127.55
933136.76
933145.74
933154.44
933163.51
933172.42
933181.25
933189.98
933198.85
933207.35
949161.50
949170.68
949179.76
949188.88
949198.15
949207.52
949216.65
949225.51
949234.73
949243.80
949252.78
949261.65
949270.68
949279.32
450800.25
450804.60
450808.92
450813.24
450817.64
450822.09
450826.42
450830.62
450835.00
450839.30
450843.57
450847.78
450852.06
450856.16
917021.55
917030.41
917039.19
917048.00
917056.95
917066.01
917074.83
917083.38
917092.29
917101.05
917109.73
917118.30
917127.02
917135.37
884865.56
884874.11
884882.58
884891.08
884899.72
884908.46
884916.97
884925.22
884933.82
884942.27
884950.65
884958.92
884967.33
884975.39
756257.65
756264.95
756272.19
756279.46
756286.84
756294.30
756301.58
756308.63
756315.98
756323.20
756330.36
756337.43
756344.61
756351.50
917021.55
917030.41
917039.19
917048.00
917056.95
917066.01
917074.83
917083.38
917092.29
917101.05
917109.73
917118.30
917127.02
917135.37
515112.22
515117.20
515122.13
515127.07
515132.10
515137.18
515142.13
515146.93
515151.94
515156.85
515161.73
515166.54
515171.43
515176.12
852709.57
852717.81
852725.98
852734.17
852742.50
852750.91
852759.12
852767.07
852775.36
852783.50
852791.57
852799.54
852807.64
852815.41
627634.13
627640.19
627646.20
627652.23
627658.35
627664.55
627670.58
627676.44
627682.53
627688.53
627694.46
627700.33
627706.29
627712.01
595478.14
595483.89
595489.59
595495.31
595501.13
595507.00
595512.73
595518.28
595524.07
595529.75
595535.38
595540.95
595546.61
595552.03
