662.495
662.789
664.481
665.066
666.097
666.719
666.040
665.872
666.962
667.820
662.439
663.454
667.204
663.475
440.423
427.364
429.306
425.901
428.864
426.104
428.220
434.316
432.939
429.009
430.864
429.446
430.900
431.806
1151.021
1132.433
1134.185
1129.581
1134.733
1133.928
1138.260
1137.426
1134.884
1143.845
1140.244
1141.664
1139.622
1140.319
1030.165
1031.495
1025.846
1023.340
1025.626
1020.885
1024.897
1023.189
1021.876
1021.814
1023.275
1024.653
1024.923
1022.770
963.994
962.888
962.735
963.094
961.019
963.365
958.604
962.944
968.672
964.493
966.116
965.107
963.855
963.341
967.234
964.270
963.289
962.074
967.927
969.324
969.192
968.787
967.154
968.876
965.620
965.017
968.987
967.373
640.355
644.350
642.363
639.994
641.391
642.628
640.452
641.955
645.491
638.448
639.128
638.218
640.679
640.238
952.506
955.353
955.074
953.292
955.773
956.069
955.511
955.820
953.724
954.375
952.406
953.143
965.284
959.503
934.537
930.547
931.606
931.752
933.842
933.982
930.933
932.844
929.814
938.184
936.854
938.636
934.425
934.674
691.539
689.611
688.261
690.432
688.391
688.351
690.179
690.504
698.112
691.666
692.544
694.442
689.896
691.283
157.569
158.160
157.733
158.048
158.027
158.478
156.661
158.462
158.651
159.223
157.872
157.873
157.966
158.974
1149.656
1153.449
1150.622
1153.830
1157.468
1157.631
1158.908
1156.255
1156.885
1152.774
1153.599
1154.537
1163.708
1155.971
972.169
973.700
974.504
971.758
973.179
974.233
975.793
982.628
980.615
976.794
974.861
975.338
973.406
975.319
1318.620
1317.630
1317.990
1326.515
1326.865
1314.998
1321.651
1318.360
1323.043
1319.708
1326.396
1323.093
1324.340
1321.630
681.382
682.088
677.689
681.528
679.654
679.468
678.384
678.569
686.135
681.087
680.345
684.327
680.361
679.875
1353.669
1353.802
1355.212
1352.409
1361.195
1356.687
1358.369
1355.110
1357.576
1354.868
1358.240
1356.467
1372.978
1359.145
860.997
860.801
857.370
858.287
860.127
857.432
859.993
860.851
861.304
865.872
864.111
863.181
862.230
866.480
950.131
951.793
949.929
950.578
950.635
950.265
957.430
951.279
952.120
950.825
949.964
949.509
950.725
950.908
753.836
754.768
756.927
757.646
756.670
757.712
754.026
755.763
758.083
758.659
757.302
754.838
756.748
757.587
850.716
852.770
859.949
853.560
852.044
850.927
855.305
856.855
853.830
851.001
849.592
850.316
851.145
855.844
1236.994
1233.835
1232.794
1234.772
1235.716
1231.341
1231.758
1233.465
1246.087
1236.994
1234.171
1233.429
1231.887
1235.352
1314.816
1315.157
1318.271
1317.261
1317.601
1318.021
1314.948
1318.337
1316.616
1330.625
1324.683
1321.008
1320.824
1323.527
620.905
621.296
622.498
621.628
622.377
624.061
625.354
628.834
626.213
626.237
623.442
623.584
626.433
623.058
849.682
849.253
844.680
848.195
848.298
849.314
848.047
860.319
851.614
846.812
847.168
847.009
847.846
849.136
559.014
559.212
556.479
559.057
559.346
561.276
558.816
565.397
561.665
562.690
560.271
559.330
560.312
558.806
1073.250
1074.620
1072.792
1075.512
1074.092
1085.397
1079.732
1075.109
1078.171
1078.376
1075.060
1076.371
1074.982
1076.851
1040.306
1046.285
1043.428
1039.513
1041.795
1042.046
1044.059
1042.567
1039.473
1041.664
1046.085
1052.031
1041.481
1042.380
1212.863
1215.139
1211.311
1208.826
1207.611
1214.205
1213.367
1210.276
1210.599
1207.503
1212.931
1210.975
1211.490
1218.974
682.287
673.370
676.089
671.297
671.471
673.347
673.756
672.079
673.632
672.312
676.488
674.519
674.486
675.105
716.224
721.015
715.639
714.096
717.196
716.213
717.831
719.921
719.657
713.479
714.207
716.056
718.453
714.832
1094.925
1091.012
1090.452
1092.090
1093.461
1089.443
1089.375
1094.077
1090.968
1097.669
1095.978
1091.983
1094.423
1092.041
996.030
994.942
992.088
995.909
997.389
1004.632
998.916
995.062
995.849
998.005
995.106
1000.929
997.790
1001.027
589.210
596.255
587.895
594.537
590.663
591.121
590.521
588.604
592.943
590.919
591.855
591.453
590.956
593.877
741.535
737.470
742.497
741.525
745.728
745.926
740.515
740.585
743.320
741.979
745.485
743.998
742.320
741.708
408.132
408.025
409.559
410.248
409.037
412.040
407.786
409.380
411.292
410.652
410.828
409.367
409.125
408.839
1296.896
1292.395
1291.810
1293.278
1297.425
1305.629
1299.207
1295.399
1299.017
1302.114
1309.395
1299.986
1303.009
1306.998
1044.347
1045.869
1044.135
1045.944
1046.397
1045.940
1042.717
1047.348
1047.924
1054.055
1048.537
1043.196
1047.443
1047.318
567.658
566.228
569.498
570.470
568.850
566.641
572.002
570.905
570.214
572.974
567.937
568.877
567.629
571.128
897.252
897.030
892.359
895.201
894.021
897.464
896.794
906.477
900.758
896.078
897.061
897.696
897.366
897.862
984.762
985.431
987.384
993.272
994.528
990.526
988.337
986.924
988.078
991.312
988.424
986.276
992.494
994.644
693.250
702.200
693.514
691.958
692.518
690.780
692.650
693.149
692.223
696.229
696.096
695.823
692.761
695.842
1151.673
1157.385
1155.890
1153.191
1152.273
1157.490
1153.519
1154.722
1157.640
1162.586
1156.604
1152.458
1155.906
1151.326
635.968
637.110
636.023
638.743
637.553
641.539
640.268
638.538
641.242
640.745
638.718
640.752
639.765
639.615
1285.203
1289.909
1284.901
1292.558
1303.704
1293.382
1290.678
1288.805
1294.335
1292.101
1294.090
1300.068
1302.355
1294.056
554.815
553.484
554.130
556.090
557.766
555.615
555.469
558.823
556.270
557.983
553.607
558.762
553.991
555.406
948.369
943.719
943.944
941.613
937.970
940.334
937.457
940.983
944.040
943.600
943.447
943.786
941.558
946.165
775.094
775.279
775.077
775.559
774.778
778.182
780.639
777.165
776.895
783.425
779.969
778.180
777.628
778.327
614.187
610.844
613.843
612.182
612.803
614.255
614.016
615.114
616.627
615.825
616.783
615.479
613.315
615.990
862.062
858.557
860.475
862.755
860.439
862.430
865.069
864.516
863.611
871.270
865.154
863.725
866.803
869.502
895.676
896.818
900.538
896.789
898.254
896.089
896.962
898.394
897.324
898.676
898.395
896.887
899.003
897.198
1065.681
1069.578
1070.133
1073.862
1064.227
1066.095
1069.280
1065.408
1064.983
1064.491
1065.593
1070.344
1071.215
1068.075
659.160
659.661
658.644
661.147
662.179
663.077
662.322
660.438
658.550
665.485
661.559
662.815
663.883
671.480
674.724
677.452
676.500
675.748
675.227
679.575
675.634
679.621
680.306
678.644
678.355
679.738
680.793
678.200
817.166
818.165
812.448
814.027
811.391
815.033
815.028
813.722
815.929
818.993
817.505
818.552
824.990
817.592
1140.033
1141.099
1138.133
1136.230
1134.640
1140.758
1143.742
1142.551
1141.230
1139.229
1141.291
1136.320
1140.332
1140.072
902.854
901.691
902.971
908.362
900.023
903.153
898.328
904.295
904.920
900.149
898.337
906.500
906.179
904.988
984.579
980.023
978.058
977.356
979.581
979.681
985.579
983.201
980.180
984.834
987.002
982.961
982.276
981.430
1104.969
1104.406
1106.189
1108.819
1104.512
1105.038
1113.071
1107.144
1109.274
1104.057
1104.453
1106.399
1109.640
1111.172
752.193
757.878
753.114
752.674
752.621
753.612
754.178
752.783
752.553
754.419
755.136
754.938
752.924
756.107
1207.522
1204.864
1202.077
1209.548
1204.217
1206.118
1208.378
1206.902
1204.094
1213.063
1206.520
1203.554
1205.924
1209.705
1006.949
1003.866
1006.166
1004.951
1008.455
1009.187
1006.879
1009.557
1009.936
1011.322
1013.902
1009.001
1009.354
1008.666
1304.996
1302.908
1296.398
1293.125
1299.882
1300.677
1299.624
1302.822
1299.647
1300.433
1302.217
1301.017
1298.435
1301.981
1139.131
1142.713
1133.462
1136.651
1132.184
1138.232
1134.628
1140.093
1139.015
1136.397
1141.957
1137.101
1135.215
1135.781
696.545
698.239
699.470
702.312
698.827
699.694
704.099
700.191
698.601
706.009
701.947
700.203
700.565
702.327
789.634
787.095
789.462
792.241
794.027
792.447
792.464
790.582
795.100
793.986
790.837
792.091
794.152
793.179
974.502
977.349
974.400
977.666
977.834
981.988
975.946
974.864
975.421
977.561
977.065
980.055
976.573
980.109
1288.198
1288.024
1284.159
1283.673
1287.426
1286.122
1292.180
1285.805
1286.196
1297.927
1284.735
1283.870
1289.493
1292.107
744.140
741.916
741.978
743.648
744.120
745.865
744.710
744.801
746.102
745.133
746.115
747.672
746.513
748.071
1221.937
1222.442
1226.626
1237.082
1221.648
1225.635
1223.242
1222.049
1221.627
1225.117
1228.212
1223.584
1216.674
1220.835
666.036
662.291
660.814
665.863
664.996
663.927
663.353
667.529
667.262
665.734
672.488
661.765
662.635
665.292
958.205
968.352
970.690
968.278
968.361
963.542
964.544
969.382
966.542
963.277
965.331
964.027
964.794
969.992
1297.515
1295.952
1294.556
1306.567
1296.785
1296.717
1297.015
1302.002
1300.307
1298.556
1301.984
1298.444
1301.117
1299.078
871.615
874.824
874.819
876.089
878.325
870.955
878.286
873.787
871.488
871.587
874.615
873.562
873.223
875.185
684.079
686.521
691.375
685.797
686.089
687.878
683.253
684.366
687.082
684.606
682.127
687.973
689.242
688.512
1012.001
1011.478
1014.298
1012.357
1021.822
1011.949
1013.603
1017.138
1015.344
1016.222
1020.046
1018.785
1014.621
1016.041
747.242
747.817
748.334
745.781
747.671
748.730
748.255
749.303
753.201
752.897
747.929
745.650
748.788
755.383
979.019
982.776
982.689
988.139
984.446
985.183
982.714
988.924
986.481
983.890
983.170
984.010
983.424
988.774
946.435
944.864
943.089
942.520
942.404
943.426
948.425
941.541
943.119
943.378
945.008
946.538
943.272
945.442
886.866
888.275
889.571
893.897
887.196
890.790
896.261
894.886
891.625
891.788
889.892
890.340
889.547
892.871
1373.023
1365.587
1363.385
1365.868
1364.076
1372.001
1374.866
1370.598
1363.708
1371.092
1365.105
1371.012
1369.321
1374.475
859.523
864.340
855.682
859.123
859.950
858.620
862.607
861.606
859.525
860.444
859.960
860.934
862.839
862.189
913.028
912.901
911.508
916.453
919.768
913.306
917.748
916.027
916.399
918.717
923.528
917.617
914.857
915.859
909.035
912.751
913.677
909.213
912.508
907.458
911.471
913.666
913.367
911.836
908.191
909.167
914.303
911.776
849.866
857.579
857.111
853.726
852.117
856.940
851.387
854.899
855.351
853.447
856.108
853.709
859.558
858.671
1061.281
1057.998
1056.189
1052.796
1052.442
1059.299
1057.263
1058.160
1054.568
1056.557
1054.585
1064.199
1054.209
1055.901
1112.927
1116.117
1115.616
1113.122
1112.333
1112.723
1114.063
1121.014
1110.152
1116.933
1118.577
1114.958
1117.938
1116.766
751.854
755.735
754.100
759.111
755.820
753.317
755.002
754.975
753.904
757.193
756.443
756.698
758.041
755.200
978.917
987.265
979.849
981.556
983.599
984.673
981.578
985.332
982.247
985.811
983.068
981.253
987.099
980.724
893.769
894.086
890.488
888.111
892.799
889.948
889.060
892.338
893.247
892.313
888.144
893.142
889.663
891.878
566.087
559.784
561.201
563.536
561.532
561.706
563.446
564.203
560.083
560.942
571.303
562.609
564.105
563.223
1158.821
1164.070
1157.386
1160.756
1157.056
1159.941
1164.232
1162.298
1165.400
1164.940
1165.113
1162.499
1168.701
1167.267
692.813
693.115
696.381
686.295
688.551
692.795
689.239
693.144
691.292
692.380
687.595
691.155
691.932
689.734
1301.412
1307.295
1302.556
1307.226
1311.681
1302.897
1308.872
1305.457
1307.437
1310.587
1303.511
1310.736
1309.623
1309.784
709.518
712.872
714.063
709.374
708.810
715.334
710.607
708.451
709.709
715.745
709.674
712.050
711.666
713.504
862.360
863.912
864.041
861.123
867.444
865.289
869.593
867.142
866.576
863.029
862.121
865.755
865.677
868.520
832.388
831.440
834.421
830.267
832.855
835.719
836.833
832.826
832.651
834.184
831.764
831.524
833.790
836.060
1264.251
1257.137
1259.744
1263.506
1259.330
1258.183
1258.287
1258.933
1267.852
1261.935
1261.634
1258.830
1261.306
1258.815
838.852
835.813
837.097
840.042
839.211
838.307
838.618
839.097
838.145
834.642
838.125
841.028
840.869
838.926
637.418
638.584
637.864
638.192
639.339
645.753
640.475
641.374
639.656
639.907
642.433
637.993
638.238
644.474
891.878
888.738
899.107
887.267
893.953
894.513
895.524
891.484
890.852
893.198
889.860
897.504
894.516
898.702
741.960
743.053
745.887
749.667
749.031
748.943
750.535
746.615
744.904
744.662
745.737
747.142
749.533
756.636
875.030
869.788
871.050
870.853
869.968
875.063
871.419
874.618
871.082
869.788
870.526
872.366
874.483
870.752
499.371
498.739
496.694
499.081
499.411
503.878
499.082
500.962
501.267
502.931
500.288
501.136
497.102
499.996
608.316
619.202
610.187
609.736
612.330
612.728
610.754
610.646
612.046
615.929
612.489
610.527
611.685
612.778
788.523
788.804
791.199
789.542
787.169
791.894
794.969
791.603
788.271
789.855
788.839
795.643
792.460
793.505
631.386
637.614
631.689
637.002
636.810
633.380
634.276
631.881
635.407
633.444
634.318
636.144
635.353
636.650
1099.570
1104.477
1104.808
1104.301
1105.670
1098.261
1105.263
1104.721
1105.605
1098.582
1107.242
1111.328
1110.253
1105.351
793.655
797.414
798.357
796.349
800.426
794.469
795.062
796.997
799.130
795.962
798.671
799.941
797.836
798.577
904.148
902.389
905.861
906.892
906.743
903.907
910.924
908.923
910.197
907.686
907.797
908.351
907.457
905.333
640.237
639.256
641.071
643.185
642.107
645.716
641.160
643.534
647.964
643.940
645.680
645.609
643.913
648.879
1139.437
1133.815
1135.223
1142.368
1136.071
1144.506
1137.959
1136.164
1140.382
1136.774
1139.309
1137.452
1135.271
1141.977
822.654
823.852
822.165
820.611
824.067
822.930
824.747
827.828
823.937
823.770
829.177
824.721
826.323
826.999
816.244
816.240
816.846
815.957
815.267
816.546
818.991
813.755
816.371
814.892
818.777
815.974
820.171
818.808
1192.791
1196.766
1194.267
1201.413
1208.194
1202.808
1197.539
1203.095
1204.623
1199.526
1197.200
1199.339
1203.205
1203.250
465.424
465.509
468.562
466.429
467.146
466.341
467.984
465.384
466.462
467.670
467.392
466.876
466.302
465.362
1045.393
1050.584
1056.091
1053.543
1049.887
1049.561
1053.815
1048.515
1052.069
1053.485
1049.628
1054.588
1053.804
1054.343
989.256
989.066
991.407
990.387
986.180
993.306
988.596
992.573
999.981
991.023
997.055
994.810
997.411
996.555
1383.515
1378.603
1382.433
1378.657
1379.219
1380.672
1378.510
1379.652
1377.629
1375.768
1390.620
1377.113
1381.936
1380.877
929.012
925.569
925.423
925.149
927.871
930.897
931.519
932.824
933.069
929.521
930.510
928.281
931.925
933.672
1315.145
1324.836
1318.750
1317.888
1320.431
1321.722
1319.432
1320.044
1319.650
1326.085
1326.699
1320.846
1322.722
1318.452
886.252
883.703
890.927
888.041
893.333
888.951
885.659
889.556
890.964
890.297
889.208
890.039
891.148
888.850
1094.473
1097.507
1094.835
1090.947
1092.415
1093.140
1094.723
1092.663
1090.264
1091.785
1100.773
1098.164
1091.723
1094.736
742.027
740.422
738.986
743.296
742.016
739.519
742.682
742.191
745.670
742.263
744.208
743.372
746.024
745.543
802.555
804.601
805.681
805.495
809.308
805.115
810.526
816.244
809.123
809.162
807.601
809.390
809.610
808.462
515.439
516.324
514.332
515.936
519.229
519.025
518.916
517.735
522.720
519.285
519.400
515.888
516.675
518.038
1018.096
1022.007
1015.675
1025.114
1024.110
1019.269
1020.674
1030.258
1018.067
1020.007
1021.858
1025.465
1024.619
1023.253
1092.357
1089.129
1094.983
1093.871
1090.952
1090.808
1086.766
1087.681
1092.529
1087.544
1089.843
1094.088
1096.059
1091.489
787.623
791.396
788.590
787.080
786.745
787.678
785.658
791.249
791.180
789.768
790.253
786.948
786.471
789.194
888.160
884.815
883.569
882.152
885.913
884.436
888.767
892.089
891.600
888.451
885.558
886.535
889.226
886.397
1034.783
1036.052
1041.633
1043.190
1046.430
1039.026
1040.076
1041.055
1046.002
1042.953
1045.657
1042.163
1045.748
1046.460
697.301
691.327
697.630
693.486
689.642
691.711
695.801
689.877
688.333
693.139
690.825
693.008
692.528
696.532
991.177
994.011
988.483
986.434
986.275
985.882
986.745
989.283
990.243
990.598
996.543
987.805
989.839
989.163
436.391
433.259
435.066
434.379
435.512
433.435
434.427
437.459
433.471
435.414
434.740
437.084
435.850
436.887
1408.783
1400.921
1394.619
1401.569
1394.232
1395.596
1394.731
1413.140
1394.992
1397.594
1401.948
1401.313
1397.520
1399.166
1177.725
1177.758
1176.870
1171.562
1172.469
1174.704
1176.389
1176.260
1175.639
1184.079
1175.156
1177.707
1176.060
1176.089
1237.342
1244.003
1240.494
1245.482
1242.955
1237.160
1243.117
1242.431
1243.478
1237.562
1242.620
1252.877
1253.426
1249.495
1185.854
1190.053
1182.804
1185.117
1184.455
1186.836
1192.065
1186.791
1186.822
1188.485
1181.978
1189.528
1186.157
1190.531
158.384
158.142
156.888
159.261
157.162
157.817
157.354
156.463
162.463
157.967
158.161
158.179
158.062
158.321
686.732
684.391
684.321
682.692
685.092
683.950
686.338
684.631
687.266
688.051
683.206
688.927
687.057
686.583
1270.059
1273.092
1272.355
1267.714
1266.006
1273.723
1272.263
1277.333
1273.982
1272.298
1274.324
1271.399
1270.958
1272.639
837.843
839.286
836.199
838.099
838.574
833.667
837.515
836.996
836.445
836.162
838.130
837.092
837.983
842.120
745.058
740.620
734.292
738.921
737.466
735.219
732.540
738.016
734.690
733.639
736.475
738.186
738.712
736.174
801.610
801.432
797.561
801.803
799.494
799.786
801.290
800.986
804.510
805.018
801.647
802.945
803.509
800.821
1143.627
1150.787
1146.257
1145.581
1146.745
1151.896
1152.476
1150.200
1151.543
1144.766
1153.342
1150.137
1148.680
1150.807
647.775
651.347
648.798
652.410
655.723
648.021
649.039
650.421
652.493
652.468
651.635
647.009
652.100
650.522
1174.226
1176.433
1180.139
1180.782
1176.176
1177.787
1181.966
1180.458
1187.288
1182.732
1184.527
1186.403
1182.186
1182.010
1007.321
1006.857
1005.883
1005.124
1011.567
1010.617
1013.425
1010.338
1008.251
1012.675
1011.275
1011.523
1008.411
1008.747
669.033
673.043
669.885
672.553
671.759
674.197
667.122
670.053
667.223
670.344
672.733
673.039
671.482
670.638
782.074
780.619
781.210
782.230
783.676
785.891
778.569
782.039
784.418
784.393
781.676
785.602
786.107
784.800
1326.519
1325.862
1340.979
1324.566
1327.577
1327.233
1326.138
1326.775
1332.482
1328.955
1328.596
1332.124
1327.899
1330.051
542.004
541.158
543.511
545.926
543.333
543.374
541.891
544.152
547.054
544.716
545.830
546.849
542.059
545.012
508.556
505.739
507.883
506.778
508.123
508.648
508.553
507.282
508.936
508.351
508.918
508.556
510.439
506.574
163.951
166.281
164.183
163.476
164.689
162.307
163.689
163.934
163.852
163.682
162.771
162.039
163.696
164.493
874.322
877.639
879.138
875.282
876.148
881.684
876.198
875.940
879.421
883.374
878.212
877.949
874.174
878.565
128.420
127.878
126.577
127.759
126.897
129.074
128.687
128.261
128.425
127.570
127.120
128.538
129.475
129.317
793.112
794.581
793.470
793.120
794.549
796.577
794.951
797.143
792.780
793.509
794.584
793.312
798.279
797.476
1033.271
1032.057
1035.801
1029.977
1035.763
1032.588
1031.511
1031.474
1032.499
1037.767
1033.034
1034.529
1034.331
1034.399
995.590
995.833
993.129
992.255
993.066
998.861
993.379
997.409
1002.528
991.884
997.569
997.367
994.204
993.438
871.883
868.376
864.859
866.412
867.860
867.817
868.164
870.301
866.726
865.647
864.783
867.883
867.907
871.406
1148.437
1152.116
1160.573
1158.295
1156.351
1149.226
1153.431
1153.224
1155.033
1155.003
1153.973
1154.753
1150.616
1152.789
1446.124
1449.591
1452.146
1451.416
1457.782
1447.981
1454.059
1452.173
1447.596
1451.665
1452.052
1454.786
1450.694
1452.260
1294.264
1299.871
1298.354
1297.244
1299.449
1305.594
1301.322
1297.642
1299.480
1299.665
1303.970
1302.417
1301.706
1306.763
1176.309
1176.227
1174.746
1177.737
1180.536
1179.495
1179.386
1180.791
1178.051
1178.367
1181.721
1179.755
1183.760
1179.307
989.214
991.888
989.036
990.090
986.895
989.357
993.112
988.607
990.617
995.033
988.118
993.935
1000.152
992.328
827.901
830.552
830.895
833.634
831.955
834.070
831.579
833.015
834.631
835.578
833.031
836.561
830.232
833.440
962.878
969.545
967.473
968.014
965.754
968.201
975.382
965.792
968.286
968.153
963.901
969.845
969.334
968.289
848.079
847.812
847.412
854.816
847.805
849.978
845.616
850.545
852.317
857.998
862.645
850.571
847.818
846.112
815.452
819.072
815.010
812.188
812.104
815.723
811.777
815.856
816.150
816.626
813.921
813.155
818.552
818.323
978.393
976.378
973.311
969.630
972.773
976.074
974.743
970.391
972.541
973.009
979.189
977.150
971.870
972.155
919.457
922.199
924.334
924.784
920.360
926.211
924.493
925.475
923.759
925.649
919.730
922.928
925.125
926.046
1152.949
1157.095
1154.071
1158.238
1155.856
1152.196
1155.076
1157.101
1158.546
1153.573
1160.361
1157.508
1158.719
1160.321
1006.037
1009.512
1013.196
1009.381
1011.132
1011.214
1010.785
1020.324
1015.054
1009.870
1007.848
1010.576
1014.473
1013.149
759.008
758.975
758.263
762.137
762.744
759.620
762.541
763.339
760.706
758.724
760.225
762.511
765.332
762.202
577.624
578.321
580.675
579.636
578.593
586.621
578.158
579.561
580.240
581.739
580.162
577.762
582.060
582.337
1347.965
1351.132
1345.928
1342.968
1344.754
1342.955
1347.166
1345.356
1345.588
1346.707
1346.357
1353.917
1343.875
1344.258
681.182
683.910
679.364
681.521
682.541
679.688
683.285
683.514
680.275
686.442
682.535
680.199
680.906
682.663
893.998
891.654
891.857
890.333
891.455
891.991
890.776
898.864
892.606
892.530
889.075
894.868
894.583
896.047
683.763
685.013
682.141
681.946
685.908
687.400
686.960
686.197
685.531
684.432
685.710
685.067
683.002
686.361
652.038
647.835
648.540
648.746
651.548
652.836
652.105
656.887
650.512
651.368
651.171
649.635
651.461
652.053
808.658
805.347
806.435
804.044
804.512
806.724
807.233
808.685
804.062
808.001
805.294
807.680
809.795
808.524
1414.772
1414.675
1422.766
1421.740
1413.833
1416.012
1422.294
1423.582
1417.840
1419.952
1420.631
1420.426
1416.485
1424.394
737.683
736.046
738.579
735.034
736.628
737.530
743.186
735.315
735.859
737.627
739.810
740.743
742.861
738.887
915.638
913.572
914.249
917.112
915.866
925.817
916.700
918.450
920.198
923.626
925.490
917.067
916.388
916.950
719.410
723.689
728.242
724.552
722.006
720.824
720.518
720.939
724.230
724.814
724.403
723.258
723.041
723.484
1037.190
1038.252
1035.586
1030.221
1034.186
1039.672
1035.764
1039.190
1034.498
1036.075
1036.343
1043.823
1041.706
1033.890
807.500
813.958
810.887
809.472
808.477
810.897
811.271
812.937
811.602
813.711
812.444
812.421
811.649
814.736
1107.305
1104.043
1107.163
1110.189
1108.294
1116.721
1107.644
1105.164
1112.676
1106.784
1110.986
1107.855
1106.920
1112.324
1189.857
1189.714
1187.257
1189.204
1190.600
1193.399
1191.109
1191.926
1190.519
1199.374
1188.938
1192.111
1192.828
1195.880
691.461
693.936
693.374
692.414
692.989
693.691
695.929
696.124
695.070
695.388
694.617
697.613
695.573
694.435
967.216
972.390
968.502
971.850
974.291
969.124
970.063
971.029
971.323
971.603
970.790
968.292
972.144
975.609
791.238
793.041
789.668
787.398
790.946
793.614
793.424
789.878
790.441
793.300
792.875
791.332
791.268
792.773
1039.982
1032.222
1038.181
1040.568
1035.644
1038.034
1038.051
1039.946
1042.968
1043.855
1041.785
1042.049
1043.472
1043.346
1055.514
1053.123
1046.914
1047.963
1050.225
1061.815
1047.658
1049.406
1054.426
1049.078
1047.665
1049.301
1049.588
1053.755
1341.786
1342.495
1343.132
1347.482
1339.980
1342.163
1341.939
1347.868
1352.419
1343.076
1341.254
1350.648
1343.514
1342.709
958.950
958.860
962.987
956.719
959.026
961.653
963.889
960.284
962.344
957.891
959.987
961.096
966.840
961.122
326.998
327.439
329.347
325.947
327.045
329.666
327.134
327.127
328.502
327.964
327.278
328.364
327.096
327.278
1385.300
1381.106
1387.023
1389.776
1384.533
1387.724
1387.155
1383.118
1386.267
1383.173
1413.802
1404.979
1411.946
1407.465
1037.727
1030.990
1031.328
1033.636
1032.390
1030.709
1033.026
1034.151
1034.565
1034.835
1034.654
1031.784
1032.033
1038.672
1342.005
1335.554
1332.214
1331.384
1331.950
1326.460
1328.438
1326.196
1335.021
1330.964
1331.422
1326.898
1333.566
1330.349
890.454
888.444
898.230
891.128
891.861
893.919
887.658
887.618
890.632
892.877
891.888
892.931
890.682
897.660
908.550
906.168
905.510
908.468
905.001
908.784
909.579
906.797
908.806
911.193
911.936
906.539
904.210
1173.880
954.165
720.667
757.224
722.165
889.766
895.988
723.748
899.482
896.135
841.671
775.152
892.196
902.040
720.652
1547.931
1368.779
1368.676
1373.067
1379.630
1361.115
1552.121
1197.877
1365.813
1544.613
1277.204
1477.988
1373.868
1372.156
982.231
922.662
1012.499
800.477
947.466
995.153
966.220
976.865
802.963
967.153
983.036
803.270
870.511
1060.131
1672.576
1858.214
1677.332
1851.763
1672.691
1849.522
1690.365
1854.796
1686.735
1856.499
1683.555
1856.562
1681.072
1682.540
1068.478
1059.641
1065.132
991.447
955.962
1070.217
1072.069
1064.026
1062.068
1068.868
1066.216
975.415
978.668
1073.006
1105.755
1112.191
1119.528
937.998
1125.478
1125.311
1123.216
1120.401
1122.476
1118.373
1120.772
1121.245
1120.985
1126.241
1656.821
1745.049
1718.288
1497.610
1481.577
1463.359
1467.200
1469.025
1466.253
1462.427
1464.383
1532.201
1482.855
1472.333
187.680
186.134
187.783
188.355
188.019
187.824
186.318
186.904
187.471
188.012
187.992
186.877
186.460
188.244
815.417
814.328
812.934
815.337
816.513
814.792
817.239
821.089
815.478
813.479
814.052
815.100
820.931
814.892
676.509
678.740
681.792
678.993
681.587
682.595
689.310
680.869
682.996
681.466
682.089
682.083
683.114
683.093
1289.486
1291.776
1289.640
1285.295
1291.534
1283.929
1287.222
1287.880
1289.794
1288.116
1285.441
1300.540
1292.482
1287.740
538.880
537.994
540.569
540.016
543.658
541.779
541.765
544.139
539.867
543.934
540.452
542.682
540.124
548.335
695.188
691.916
694.981
693.401
691.688
694.076
693.491
692.057
693.083
694.857
695.833
693.941
692.307
694.285
878.982
871.332
870.024
874.797
871.300
874.133
874.732
874.628
874.839
873.366
876.053
879.531
876.746
877.206
879.703
875.357
879.919
880.103
879.046
879.954
881.077
883.364
882.028
892.610
881.308
879.671
879.260
879.498
1305.873
1300.269
1297.928
1297.158
1305.929
1298.646
1300.240
1299.855
1301.155
1301.931
1301.795
1302.787
1315.591
1308.251
1069.414
1071.608
1073.605
1074.878
1075.866
1076.045
1073.487
1078.120
1070.946
1073.594
1070.720
1072.506
1075.310
1078.423
895.397
895.814
904.272
901.316
897.471
896.260
897.226
897.097
896.593
895.963
894.239
897.808
895.179
899.428
787.293
787.975
784.429
786.348
787.696
786.445
786.627
788.664
787.845
790.470
788.164
782.690
788.596
795.021
999.608
998.408
994.430
995.029
997.640
997.861
1002.485
1001.736
1003.480
1008.771
997.853
1001.093
1005.832
997.676
787.590
792.107
794.299
793.159
792.196
795.213
797.904
793.306
792.434
790.701
797.038
793.098
794.611
794.129
753.879
751.205
752.688
752.985
753.465
754.492
751.255
751.462
752.081
750.260
752.969
754.037
750.456
755.679
1107.201
1112.791
1114.161
1118.118
1111.783
1108.157
1110.049
1109.307
1115.384
1112.502
1113.056
1111.292
1114.735
1113.627
577.801
576.686
575.691
577.857
576.255
577.552
577.149
580.702
580.340
579.042
582.473
578.744
581.193
577.439
1183.180
1173.897
1176.017
1172.181
1172.312
1177.558
1177.574
1181.941
1181.173
1179.003
1182.929
1185.468
1184.808
1180.947
824.806
827.936
823.717
830.307
834.122
827.987
827.983
826.858
829.465
827.916
827.477
829.589
825.849
831.941
1029.279
1032.295
1038.547
1031.840
1029.745
1031.042
1028.858
1033.123
1031.274
1032.184
1032.863
1035.840
1040.758
1036.405
1111.649
1112.897
1112.802
1113.138
1117.578
1117.792
1116.635
1118.377
1116.096
1117.498
1113.946
1114.251
1119.944
1115.850
929.512
929.192
932.959
926.915
926.438
927.590
931.981
925.172
931.997
928.956
930.055
930.177
934.328
931.777
647.953
650.401
649.411
646.070
649.375
650.045
649.462
648.652
650.167
648.256
653.619
652.976
650.513
653.906
1152.547
1141.739
1139.944
1138.506
1138.541
1144.357
1142.667
1144.744
1140.916
1144.741
1145.253
1137.167
1138.499
1143.251
543.164
544.659
547.458
544.378
544.798
544.819
544.283
544.255
550.754
542.571
545.541
545.878
545.833
545.974
930.063
930.335
928.297
927.275
931.227
936.173
932.659
932.793
934.755
932.530
933.715
936.591
935.506
941.844
701.197
704.127
698.412
697.881
700.755
696.204
705.534
702.158
701.424
698.884
697.896
698.660
703.986
699.952
1149.338
1154.455
1155.083
1150.799
1157.046
1156.001
1150.470
1150.809
1151.635
1156.952
1156.197
1151.030
1158.662
1151.186
1074.136
1068.989
1075.310
1071.388
1077.434
1076.657
1073.521
1071.117
1076.203
1070.981
1075.680
1071.348
1073.578
1071.624
713.027
715.768
715.301
715.358
716.951
721.441
713.182
713.543
719.037
717.818
713.593
714.375
714.480
714.364
673.785
679.174
677.951
675.130
679.079
680.958
679.027
677.736
676.872
678.859
680.520
679.188
677.717
681.226
576.603
575.996
581.504
575.304
578.948
577.290
575.057
584.595
577.395
579.047
577.065
577.911
577.180
577.927
805.023
804.240
806.940
808.267
808.623
807.475
808.834
810.427
804.856
807.153
809.681
807.002
808.390
807.454
858.802
862.217
865.864
863.411
863.892
865.478
860.136
859.945
861.304
863.642
864.874
862.915
863.469
865.265
883.735
883.681
886.884
884.917
883.062
886.994
885.641
879.657
886.262
883.042
882.418
886.600
886.208
884.306
956.718
949.121
945.853
947.242
948.065
952.497
953.759
954.460
953.066
946.990
949.040
950.188
948.576
946.913
707.970
709.256
709.238
710.478
711.769
715.340
712.870
715.181
711.262
713.584
718.403
714.004
709.978
714.619
981.958
980.739
986.027
985.326
985.996
987.194
985.659
986.654
987.072
983.261
986.436
987.165
988.126
991.824
1367.017
1363.841
1369.824
1366.645
1363.208
1367.284
1370.797
1370.234
1368.529
1371.003
1373.296
1366.616
1365.831
1369.290
959.693
959.142
956.586
954.590
957.128
963.113
959.925
954.498
957.003
956.023
955.507
962.864
960.971
959.165
1103.983
1109.531
1101.924
1104.510
1100.973
1105.773
1104.276
1107.158
1108.364
1103.725
1113.949
1105.201
1102.473
1107.328
988.744
990.313
993.137
995.959
990.961
992.884
993.056
992.607
991.394
992.415
992.890
993.576
994.904
995.927
706.472
706.250
708.403
716.037
708.603
709.720
709.700
710.225
708.058
710.179
710.839
713.073
716.154
715.680
699.767
697.090
697.423
700.791
700.139
702.163
701.543
699.808
700.415
701.786
700.493
701.293
704.856
702.498
1006.404
1010.287
1007.116
1000.740
1005.336
1006.336
1002.963
1002.319
1005.594
1006.777
1009.970
1001.585
1005.697
1004.298
1177.820
1181.020
1182.525
1181.106
1183.929
1185.487
1182.008
1187.942
1182.797
1181.763
1182.420
1185.257
1185.720
1186.697
1250.314
1250.235
1247.502
1248.247
1249.050
1248.895
1254.421
1252.255
1248.683
1247.345
1257.746
1247.105
1251.252
1254.601
1008.841
1010.306
1006.615
1007.875
1004.173
1010.901
1007.400
1013.086
1009.464
1009.697
1009.851
1009.330
1014.163
1009.305
1085.648
1096.355
1084.788
1088.824
1091.855
1088.784
1089.294
1089.895
1088.191
1092.442
1088.009
1088.151
1087.249
1087.346
918.538
919.451
920.369
921.499
917.868
924.901
929.589
916.896
922.441
922.444
921.059
924.345
925.688
921.452
1257.503
1258.778
1265.577
1257.282
1254.659
1255.995
1260.905
1260.165
1258.972
1253.194
1261.603
1256.729
1258.587
1257.696
1073.135
1069.334
1071.717
1069.298
1068.713
1076.637
1067.225
1070.644
1070.432
1068.949
1073.728
1070.419
1071.270
1075.193
824.324
824.300
822.114
820.707
822.785
822.411
824.556
827.648
823.301
826.887
824.623
828.930
824.060
826.862
1026.276
1021.904
1024.502
1024.709
1032.498
1027.301
1025.261
1025.339
1025.494
1031.826
1029.598
1024.807
1027.738
1031.577
743.048
742.335
744.298
740.130
741.744
740.861
744.546
742.819
743.574
746.274
743.028
743.987
743.385
747.102
832.278
834.836
835.057
827.899
830.831
837.269
832.080
834.257
830.015
834.487
832.583
837.033
834.034
834.401
1141.494
1140.074
1145.218
1136.833
1139.375
1141.011
1145.857
1142.634
1143.669
1140.367
1138.683
1152.485
1141.411
1145.410
772.923
775.673
777.908
778.838
774.194
777.167
777.211
774.394
774.116
779.178
776.992
774.758
777.607
777.851
912.258
912.190
912.324
913.453
912.247
911.478
914.658
920.227
912.672
915.936
914.830
916.013
915.450
917.936
524.175
524.625
525.350
523.458
521.955
525.240
523.188
526.386
523.213
523.616
523.246
525.517
524.581
525.868
833.467
828.996
829.505
827.379
834.343
831.967
830.830
836.923
829.215
832.090
829.434
833.518
832.951
833.719
1091.070
1089.969
1087.795
1087.952
1090.894
1087.567
1086.831
1094.224
1092.391
1096.506
1093.730
1090.289
1093.792
1095.346
773.657
770.904
771.915
774.012
776.869
774.060
773.033
776.128
776.254
773.627
775.127
773.588
778.238
773.595
505.984
508.538
507.115
508.545
507.357
510.759
509.322
510.409
507.464
509.817
506.382
510.757
509.197
510.297
1075.617
1072.025
1066.449
1065.411
1070.655
1072.077
1069.897
1071.634
1069.514
1072.055
1072.275
1071.053
1070.473
1072.446
1004.783
1003.421
997.528
999.996
998.324
998.747
1002.099
1005.055
997.007
1001.726
1002.087
1006.609
1003.558
997.473
750.472
753.467
755.287
753.435
752.395
755.032
753.417
753.527
752.566
758.150
758.216
759.107
758.859
755.846
1140.338
1144.107
1147.497
1142.196
1147.875
1148.580
1145.130
1146.330
1149.758
1144.711
1147.068
1147.982
1143.188
1147.806
281.893
281.239
280.002
280.610
284.669
280.294
280.092
282.056
281.155
280.811
280.377
281.138
281.350
281.565
1014.563
1020.617
1019.026
1016.571
1016.355
1017.499
1027.545
1020.670
1018.043
1020.334
1017.775
1017.899
1023.444
1020.991
997.207
996.369
999.525
997.692
999.254
1000.626
995.926
1000.369
1003.369
1002.279
1000.024
1000.076
1001.642
1000.667
1022.285
1025.845
1020.676
1026.438
1022.825
1023.286
1026.404
1027.862
1025.297
1025.126
1025.460
1029.182
1027.789
1025.223
987.019
982.458
984.981
988.200
987.245
989.191
983.593
988.459
983.325
989.974
985.063
981.680
985.802
988.540
1358.982
1355.144
1355.712
1355.608
1359.570
1362.049
1360.568
1359.630
1359.157
1363.102
1360.942
1361.096
1366.101
1364.365
623.681
623.313
621.050
620.695
620.838
621.329
621.416
622.864
623.923
623.499
626.018
625.478
630.265
624.244
516.383
516.232
518.812
520.639
517.236
522.714
520.107
518.022
514.994
517.893
518.147
520.661
516.487
519.430
1251.900
1247.873
1246.682
1252.031
1251.461
1254.371
1247.765
1252.930
1251.007
1257.315
1246.781
1255.181
1255.269
1253.249
928.406
929.291
929.423
930.466
927.920
932.472
928.467
931.530
932.800
932.302
929.387
932.169
930.082
931.744
830.606
829.853
833.423
828.631
832.720
832.197
831.981
830.804
829.189
827.158
831.254
832.030
830.615
835.332
942.203
940.233
946.587
949.622
940.890
940.467
940.847
940.084
944.553
943.073
948.714
942.285
941.747
941.971
880.489
880.741
875.806
874.454
875.264
877.206
876.172
880.590
876.039
877.094
880.238
879.866
877.135
876.723
999.053
1000.319
1002.357
1001.166
1002.050
1011.304
1002.476
1009.258
1002.893
1004.317
1005.247
1005.366
1004.230
1008.539
1380.947
1382.515
1387.460
1380.099
1384.443
1387.169
1383.797
1382.690
1388.723
1385.174
1386.706
1382.809
1384.001
1383.424
809.632
807.188
810.303
807.659
809.761
810.199
810.569
809.306
814.106
815.880
810.731
810.912
812.480
812.933
1109.354
1105.049
1105.162
1107.485
1104.692
1107.413
1105.386
1105.467
1104.325
1109.276
1107.529
1108.665
1108.910
1111.367
961.584
965.287
960.728
962.990
959.532
971.396
963.821
965.921
962.340
962.797
962.596
966.333
968.692
964.146
916.447
916.397
924.191
927.483
925.251
924.985
924.238
920.658
920.039
923.773
925.343
922.573
930.312
922.097
633.427
627.410
630.716
629.767
629.000
630.118
627.794
630.081
631.625
628.301
629.269
631.466
627.907
632.624
1267.494
1268.136
1260.947
1258.760
1264.243
1263.173
1262.446
1260.833
1271.340
1267.291
1271.900
1263.153
1261.223
1267.522
825.421
828.454
825.423
829.993
830.235
833.256
829.881
828.703
828.627
829.158
831.606
834.894
830.251
833.013
932.672
944.575
937.609
939.344
940.057
938.501
939.116
938.732
939.885
941.925
940.028
940.248
944.290
944.658
603.680
603.953
601.097
599.327
598.119
598.180
597.492
598.417
598.508
600.365
596.880
598.221
600.602
606.844
1013.915
1015.046
1016.997
1014.439
1015.678
1016.490
1016.473
1018.020
1013.389
1020.282
1019.309
1015.083
1015.290
1015.873
734.360
730.315
735.567
732.079
733.471
732.319
730.815
738.116
735.765
732.634
734.464
734.765
733.889
733.454
784.801
784.879
786.487
790.534
788.341
783.268
787.860
787.451
784.410
785.505
789.750
790.323
787.948
784.759
830.457
832.106
833.196
835.449
831.073
839.929
836.811
833.731
835.640
835.914
834.185
831.175
832.101
835.697
786.189
784.749
787.030
790.222
790.002
787.918
787.241
787.961
788.234
789.700
788.994
788.820
788.519
788.644
1074.996
1083.434
1079.254
1077.725
1076.646
1079.987
1079.967
1085.259
1080.904
1083.589
1080.667
1082.833
1085.058
1078.308
971.361
975.034
972.848
970.699
977.165
971.158
976.702
984.025
976.129
980.368
977.733
972.274
974.752
975.772
975.229
979.431
975.878
983.630
976.924
978.999
984.039
981.431
981.076
980.110
980.728
977.671
979.851
992.320
621.694
624.207
624.707
622.575
622.708
619.334
620.700
622.338
619.116
624.183
623.455
621.462
624.892
621.648
814.208
821.377
817.596
813.577
817.986
814.717
816.171
818.113
816.576
816.846
814.986
815.214
815.964
824.599
1042.017
1041.404
1039.818
1036.806
1036.716
1040.241
1039.842
1039.446
1036.316
1042.420
1041.344
1043.972
1036.596
1038.125
1009.102
1014.011
1010.386
1016.475
1012.602
1021.025
1016.924
1016.905
1015.938
1013.223
1013.976
1016.746
1015.930
1016.317
167.387
166.743
166.582
167.147
167.847
168.454
168.355
170.568
167.624
167.320
166.630
168.132
167.420
167.864
740.001
740.507
741.091
743.708
740.437
742.889
741.391
745.612
745.003
742.199
740.409
744.616
750.732
742.090
1026.722
1024.360
1026.367
1026.185
1030.448
1026.768
1021.391
1025.701
1029.366
1027.979
1032.825
1028.544
1025.365
1028.556
1210.222
1216.246
1210.929
1221.510
1213.946
1215.907
1212.536
1208.448
1210.065
1213.548
1215.676
1219.679
1213.998
1214.679
1206.986
1209.680
1202.538
1212.878
1211.160
1211.768
1218.008
1208.565
1213.059
1209.882
1210.780
1211.030
1205.979
1213.440
1060.257
1061.691
1062.640
1062.677
1059.000
1059.383
1062.385
1058.082
1057.360
1062.173
1062.450
1060.416
1065.446
1061.061
790.334
787.830
793.842
790.986
790.885
790.206
791.306
799.165
790.234
793.379
793.238
795.655
796.554
796.736
1137.030
1135.944
1140.649
1138.695
1147.472
1137.666
1134.122
1137.260
1133.873
1134.775
1133.538
1134.630
1139.363
1137.876
1152.770
1150.858
1153.030
1155.560
1152.044
1155.019
1154.542
1164.968
1155.113
1156.441
1154.570
1159.031
1154.219
1158.602
579.180
583.007
581.404
585.025
582.500
585.180
582.687
582.410
584.265
579.848
579.963
582.588
586.227
581.162
1044.270
1046.074
1047.919
1050.630
1057.723
1047.269
1047.761
1048.670
1042.855
1048.572
1051.687
1051.890
1052.237
1049.369
859.286
857.509
858.530
858.217
859.568
860.441
859.689
861.484
857.203
856.540
861.272
862.691
868.144
861.830
839.274
843.543
838.764
841.840
842.589
842.085
845.542
845.148
850.317
846.886
850.975
843.470
842.492
841.092
928.425
925.417
932.043
927.493
926.232
933.934
931.961
939.140
933.734
931.883
934.373
929.777
930.246
934.331
517.231
520.083
518.141
519.119
518.690
518.949
519.664
521.957
518.171
518.869
516.804
519.764
520.462
519.911
926.389
929.280
932.346
930.788
931.392
934.550
929.500
938.264
933.140
931.573
934.496
934.761
933.551
934.450
808.716
808.984
810.857
814.525
812.933
813.422
813.123
811.864
810.809
811.429
814.134
812.233
813.586
811.136
740.672
740.447
736.670
744.590
743.396
741.133
738.725
738.214
739.838
737.206
736.875
740.341
744.276
742.295
