70.271
177.343
479.325
695.203
923.570
1126.891
1414.241
1776.707
2128.117
2540.049
2854.901
3302.921
3747.951
4052.891
1.232
40.058
194.833
469.613
804.421
1133.401
1574.571
2044.345
2381.649
2721.912
2907.891
3185.075
3487.297
3749.833
20.370
350.460
805.970
1190.662
1579.914
1899.246
2248.810
2606.331
2873.782
3159.152
3310.593
3544.069
3756.159
3933.655
27.999
281.107
721.965
1069.696
1411.663
1682.822
1999.880
2316.328
2572.073
2852.922
3040.403
3331.139
3659.043
3917.254
7.679
230.210
704.766
1006.662
1345.385
1637.546
1975.642
2329.470
2613.626
2916.428
3108.179
3372.021
3675.297
3892.428
129.628
450.653
744.820
1002.901
1256.234
1467.675
1742.552
2051.949
2419.287
2826.215
3079.342
3425.529
3771.145
4034.038
6.646
144.934
379.385
694.144
1089.116
1445.077
1899.987
2370.951
2723.246
3098.591
3359.470
3677.565
4043.995
4344.876
125.797
429.697
721.440
997.294
1303.014
1551.697
1851.282
2165.859
2418.080
2710.379
2913.153
3188.496
3489.311
3771.333
104.822
368.539
691.774
978.693
1251.797
1480.312
1744.963
2020.847
2249.270
2536.451
2725.454
3031.734
3377.374
3693.874
66.924
207.523
510.137
725.392
944.451
1142.105
1404.033
1726.680
2014.771
2447.221
2765.300
3215.132
3660.621
4006.984
1.866
61.959
69.441
162.176
203.830
247.002
309.652
435.280
614.653
960.546
1319.823
1901.127
2632.099
3244.344
21.159
289.575
826.147
1200.779
1539.441
1804.514
2094.603
2374.432
2568.092
2789.596
2926.454
3175.458
3411.544
3599.996
46.671
320.157
728.833
1009.235
1292.309
1531.270
1850.731
2199.663
2500.632
2851.459
3091.291
3467.254
3820.154
4081.359
8.089
330.559
929.385
1384.434
1787.063
2099.824
2446.688
2812.047
3084.967
3447.495
3687.084
3952.812
4214.252
4395.846
18.302
151.641
434.535
725.407
1065.644
1370.474
1739.109
2153.210
2502.906
2906.765
3152.250
3506.210
3881.454
4187.855
2.643
373.374
928.741
1433.163
1957.349
2352.443
2766.648
3101.030
3370.347
3643.723
3811.863
4035.415
4254.678
4399.577
41.733
208.554
569.056
918.722
1301.426
1648.434
2037.804
2460.035
2803.885
3195.843
3437.863
3754.930
4079.141
4327.707
27.795
129.572
560.322
1022.197
1455.841
1762.302
2122.001
2476.441
2761.761
3070.584
3279.279
3602.624
3956.356
4199.719
10.875
191.618
485.539
806.294
1202.849
1574.233
2023.212
2496.038
2859.757
3218.093
3443.436
3737.068
4010.621
4220.491
21.550
232.249
568.303
902.943
1237.991
1505.038
1827.667
2151.247
2403.077
2694.461
2859.564
3131.779
3437.698
3685.517
20.434
296.169
889.953
1290.438
1637.163
1902.622
2221.846
2532.977
2757.525
3017.755
3163.475
3367.665
3606.151
3786.643
7.059
396.195
949.325
1381.616
1793.826
2126.484
2479.623
2863.424
3155.004
3468.267
3670.476
3950.539
4254.043
4482.283
19.311
167.863
412.954
663.850
974.892
1243.903
1574.298
1907.840
2180.231
2471.851
2666.074
2936.270
3239.856
3501.635
31.383
261.309
590.725
894.910
1191.690
1400.034
1644.358
1905.808
2137.564
2423.796
2604.773
2862.461
3142.697
3374.814
281.065
419.913
502.976
573.775
644.075
715.944
848.847
1072.706
1364.753
1864.236
2286.479
2990.977
3742.162
4280.980
6.474
257.216
705.729
1153.794
1612.542
1987.991
2385.954
2751.229
3021.501
3308.967
3485.668
3739.619
4002.203
4183.901
34.057
481.079
832.081
1082.425
1314.396
1498.208
1731.642
1959.445
2153.968
2400.290
2563.534
2820.788
3112.761
3358.175
2.121
173.322
714.468
1301.373
1874.959
2336.705
2818.409
3263.190
3591.163
3933.291
4125.754
4396.038
4651.064
4857.651
13.859
132.866
412.039
724.699
1068.424
1393.559
1771.709
2180.158
2515.161
2889.504
3122.078
3458.243
3850.571
4186.057
11.454
190.048
462.577
765.039
1127.533
1472.117
1902.985
2356.264
2713.420
3107.943
3374.840
3764.758
4152.576
4433.076
8.403
206.092
703.784
1162.788
1600.729
1951.202
2352.010
2745.224
3034.552
3332.032
3512.527
3756.226
4024.433
4238.738
6.346
242.879
658.224
1056.581
1432.935
1721.190
2040.116
2347.991
2590.754
2845.723
3020.406
3268.790
3544.901
3757.866
76.506
163.353
413.369
630.187
911.353
1195.475
1577.917
2045.340
2505.921
3086.355
3503.562
4112.298
4602.464
4933.928
28.854
277.010
521.051
789.222
1195.169
1589.329
2094.864
2642.750
3063.498
3472.670
3724.613
4062.268
4383.497
4620.815
1.384
78.423
184.751
440.673
647.929
829.568
1066.558
1393.417
1728.568
2089.479
2329.682
2681.825
3055.582
3346.114
7.996
414.679
919.151
1365.664
1784.613
2098.164
2485.430
2834.102
3110.834
3393.805
3553.538
3775.810
3999.725
4187.252
4.682
239.841
663.143
1110.887
1556.153
1893.729
2277.290
2654.186
2928.268
3211.020
3375.788
3597.618
3830.772
3997.514
3.234
78.521
245.338
621.009
994.002
1334.324
1750.632
2195.555
2558.280
2948.746
3188.563
3539.023
3878.864
4114.784
75.672
296.734
650.896
938.970
1233.471
1470.143
1743.470
2036.075
2293.709
2634.627
2904.590
3260.085
3671.349
3999.043
41.010
341.492
728.373
1034.152
1371.607
1659.596
2019.452
2421.368
2727.989
3066.709
3294.551
3610.593
3950.181
4181.564
48.753
89.709
399.714
751.239
1157.444
1520.381
1985.661
2516.252
2934.840
3385.756
3663.277
4018.655
4393.231
4655.418
30.083
426.008
883.463
1200.442
1532.038
1800.424
2102.345
2387.705
2617.947
2870.940
3041.612
3293.971
3550.010
3745.380
20.405
153.387
405.048
691.533
1078.993
1448.818
1898.403
2362.042
2721.605
3128.287
3405.173
3800.308
4158.613
4416.310
18.001
346.946
890.546
1368.704
1825.622
2211.005
2637.171
3020.437
3320.583
3622.450
3780.678
4022.628
4256.630
4418.131
12.003
120.029
368.070
590.693
834.647
1068.201
1368.255
1691.029
1964.248
2254.020
2456.611
2701.293
2982.951
3206.575
16.949
213.817
641.091
995.516
1414.451
1845.439
2340.804
2774.328
3096.776
3443.114
3669.332
3971.268
4276.275
4484.431
87.553
378.234
613.587
811.894
1034.805
1247.014
1525.473
1836.273
2119.787
2458.607
2688.034
3024.971
3392.804
3689.977
3.130
145.159
409.238
653.597
912.568
1135.809
1415.593
1707.459
1949.393
2231.819
2447.323
2808.023
3144.337
3399.771
97.639
359.103
635.555
905.997
1198.464
1444.019
1744.777
2072.448
2349.174
2669.060
2873.629
3172.419
3490.639
3726.751
65.175
258.515
651.029
946.260
1234.283
1477.529
1778.985
2111.476
2412.811
2757.052
2989.808
3342.877
3701.752
3977.127
14.765
201.611
736.112
1116.419
1446.092
1692.466
1978.196
2253.091
2482.921
2760.846
2953.335
3229.834
3548.059
3800.950
15.358
121.998
402.774
711.297
1081.588
1412.014
1785.133
2170.341
2461.800
2778.471
2982.777
3252.069
3527.618
3761.398
35.185
167.245
462.640
718.067
1020.339
1294.290
1640.503
2030.943
2355.774
2707.944
2934.923
3261.440
3639.557
3950.353
20.625
300.456
618.203
850.055
1109.238
1335.347
1620.960
1945.879
2218.017
2524.278
2729.897
3004.229
3287.247
3523.474
2.859
205.236
747.241
1208.261
1672.088
2054.582
2507.305
2918.656
3239.173
3595.601
3833.276
4128.992
4394.678
4598.267
90.903
434.691
727.816
930.515
1140.201
1314.242
1541.554
1793.354
1986.159
2234.657
2410.701
2683.046
2998.885
3284.399
66.680
260.308
707.337
1026.119
1360.507
1653.703
1998.892
2394.382
2712.281
3104.911
3329.919
3635.174
3921.585
4145.668
20.893
380.740
811.633
1159.604
1532.917
1832.100
2196.846
2551.407
2807.486
3075.132
3242.791
3451.540
3694.682
3894.121
7.820
209.834
539.078
789.357
1055.322
1312.644
1664.725
2076.199
2446.217
2872.872
3175.107
3563.067
3943.020
4187.250
53.882
478.394
932.511
1260.095
1551.975
1785.714
2024.906
2275.057
2489.479
2717.987
2884.111
3146.314
3427.972
3637.810
16.590
267.789
677.038
1068.955
1483.986
1834.403
2231.613
2608.044
2913.634
3270.793
3520.618
3836.177
4144.824
4382.990
38.595
374.904
937.903
1363.483
1755.640
2047.098
2348.884
2652.490
2885.653
3147.752
3311.469
3564.341
3858.234
4118.759
30.453
318.563
793.549
1199.277
1554.002
1817.914
2134.845
2455.406
2711.450
2978.099
3142.446
3358.465
3592.990
3784.982
135.987
354.799
552.595
728.609
954.902
1169.879
1405.918
1684.383
1946.558
2301.315
2545.006
2962.919
3436.965
3755.451
11.604
219.100
526.479
842.407
1216.467
1551.648
1931.492
2323.800
2632.128
2952.990
3155.831
3448.609
3746.736
4000.865
50.819
386.924
771.340
1015.596
1226.705
1390.244
1624.551
1908.845
2194.006
2539.287
2782.115
3132.301
3535.319
3842.108
32.120
440.266
972.230
1340.102
1678.092
1946.330
2221.609
2478.706
2665.291
2880.639
3010.038
3197.505
3406.616
3573.589
138.710
364.185
567.140
782.342
1025.100
1254.640
1560.732
1929.021
2279.766
2689.742
2991.889
3454.316
4025.132
4433.639
18.225
434.196
970.657
1263.681
1518.943
1710.773
1922.467
2143.955
2317.885
2538.803
2693.934
2938.741
3197.143
3417.559
34.716
214.067
492.051
702.945
954.971
1182.908
1474.333
1799.017
2092.944
2445.003
2672.176
3037.798
3443.103
3800.167
33.655
214.200
604.455
1034.853
1531.194
1925.733
2364.655
2782.069
3079.414
3384.956
3586.982
3855.993
4150.558
4414.030
14.516
326.802
893.485
1363.434
1764.263
2070.283
2387.844
2701.222
2942.712
3218.286
3384.745
3617.310
3864.664
4114.457
24.168
232.656
594.149
921.313
1288.400
1602.513
1959.720
2329.428
2626.575
2966.433
3185.540
3500.045
3899.205
4189.281
6.733
112.448
426.798
725.603
999.663
1230.965
1521.453
1851.904
2153.065
2510.322
2773.941
3227.304
3618.569
3885.486
7.111
200.924
675.169
1067.781
1416.695
1673.895
1997.597
2340.378
2658.837
2979.614
3168.646
3400.070
3644.350
3842.248
25.422
254.604
538.949
786.004
1063.178
1300.427
1583.807
1882.826
2161.593
2497.062
2711.861
3097.546
3542.854
3834.001
11.710
297.299
694.691
1032.034
1365.197
1631.495
1929.202
2232.350
2458.928
2718.839
2886.140
3113.504
3363.757
3602.337
135.135
403.503
707.043
982.087
1224.417
1404.656
1603.473
1851.721
2086.507
2393.918
2624.937
2991.864
3381.594
3699.520
35.132
255.926
668.568
925.157
1165.193
1370.621
1625.798
1938.122
2209.005
2579.577
2810.064
3105.762
3416.083
3679.846
8.756
351.851
959.136
1438.575
1866.654
2187.394
2519.916
2811.968
3051.557
3311.475
3471.242
3754.649
4060.512
4259.990
85.809
354.332
623.476
901.736
1165.661
1358.214
1571.999
1809.047
2021.253
2259.936
2450.458
2709.576
3028.628
3304.132
18.404
157.768
582.235
976.063
1359.141
1678.760
2088.726
2526.695
2885.188
3304.018
3603.827
4007.803
4394.139
4674.700
57.645
373.156
734.245
939.993
1146.357
1309.063
1518.801
1759.577
1953.199
2198.225
2367.558
2649.807
2952.458
3205.854
53.406
324.282
655.023
888.306
1124.696
1334.382
1593.961
1922.721
2244.456
2640.996
2944.495
3335.428
3756.744
4103.342
16.378
382.114
824.830
1096.853
1389.476
1622.444
1918.611
2207.318
2442.188
2731.279
2916.855
3198.678
3512.421
3765.288
34.368
355.201
801.907
1168.203
1508.667
1781.746
2104.043
2463.845
2724.664
3037.564
3227.935
3512.270
3785.077
4010.504
7.002
234.174
543.939
792.676
1056.250
1288.305
1630.031
2076.622
2415.175
2756.980
2987.738
3322.468
3656.366
3932.655
156.444
486.028
779.459
1036.911
1284.530
1525.208
1823.982
2168.569
2476.171
2887.228
3147.658
3504.030
3898.188
4173.416
38.875
336.273
670.332
935.491
1229.206
1487.396
1807.969
2189.364
2567.125
2953.356
3179.088
3503.752
3844.629
4100.054
7.955
69.374
262.648
606.224
918.418
1216.951
1615.169
2103.166
2500.569
2870.244
3105.144
3402.035
3701.433
3942.081
8.823
239.992
776.939
1223.100
1638.067
1950.567
2284.813
2594.350
2850.277
3128.922
3303.480
3533.761
3784.781
3999.443
20.076
162.544
434.493
741.206
1116.216
1474.102
1952.431
2483.853
2924.429
3381.447
3668.880
4008.249
4389.010
4646.694
2.525
289.249
904.830
1373.631
1816.742
2151.165
2507.191
2862.830
3118.822
3413.353
3618.471
3900.568
4157.144
4353.408
34.108
138.224
413.748
765.164
1238.163
1665.961
2206.039
2725.171
3122.018
3521.956
3781.586
4141.483
4495.267
4758.912
21.296
308.081
630.427
905.413
1189.054
1449.015
1778.819
2143.700
2449.380
2784.752
2997.830
3291.767
3587.030
3813.490
29.902
148.324
495.386
893.795
1336.506
1693.698
2136.925
2566.441
2910.247
3265.058
3508.544
3868.037
4209.061
4454.423
44.146
393.884
930.949
1308.425
1685.216
2007.901
2369.692
2728.316
2988.217
3276.225
3458.975
3691.156
3933.281
4121.583
30.308
150.366
507.132
899.462
1362.606
1758.913
2207.036
2647.571
2955.150
3288.446
3482.924
3738.648
4003.778
4226.893
72.887
183.256
422.462
685.408
1011.311
1302.113
1669.410
2114.581
2492.351
2956.809
3254.063
3734.275
4243.398
4600.646
22.119
268.806
650.032
937.192
1247.162
1544.939
1845.581
2165.885
2448.344
2792.581
3037.604
3364.238
3695.402
3971.133
282.994
461.332
608.260
766.978
950.314
1116.823
1355.817
1660.866
1944.753
2297.414
2535.554
2907.064
3310.691
3645.875
74.960
378.979
670.083
905.392
1177.643
1433.383
1780.874
2189.527
2532.227
2910.388
3147.064
3454.224
3780.245
4035.301
48.281
67.806
257.208
551.054
1054.446
1558.443
2121.167
2628.243
2990.541
3399.833
3673.707
4042.675
4345.097
4557.874
287.859
425.549
530.646
629.253
747.671
886.799
1121.320
1484.173
1789.524
2145.582
2382.738
2767.835
3240.139
3607.443
15.004
203.480
519.906
843.967
1263.979
1636.121
2106.100
2563.620
2932.628
3311.657
3554.205
3869.417
4191.198
4399.685
100.308
273.976
459.350
667.010
924.713
1185.035
1563.064
2024.584
2452.548
2942.730
3282.309
3756.125
4247.405
4583.648
4.552
316.151
802.207
1151.447
1450.761
1663.702
1898.276
2125.976
2341.127
2590.387
2753.984
3017.416
3306.080
3544.440
121.068
430.177
647.134
822.623
1018.628
1218.416
1468.231
1751.331
2008.694
2307.896
2515.289
2837.418
3246.437
3573.249
10.481
182.008
570.014
966.170
1398.993
1741.947
2114.423
2467.756
2736.577
3036.192
3226.228
3497.568
3750.233
3956.135
112.865
311.974
495.122
669.567
848.954
997.686
1215.364
1492.148
1771.904
2165.463
2494.845
2874.520
3266.988
3582.359
19.153
312.344
791.981
1189.157
1576.032
1881.439
2210.654
2546.613
2802.626
3070.755
3251.794
3493.344
3788.345
4006.450
8.925
219.110
546.753
864.000
1201.078
1513.787
1895.575
2340.563
2679.995
3025.551
3229.207
3527.570
3834.082
4064.134
94.450
324.048
588.139
850.512
1121.580
1340.774
1604.817
1872.749
2120.438
2429.710
2666.163
3021.111
3412.522
3762.157
5.610
310.755
814.993
1263.281
1726.866
2080.090
2466.342
2858.877
3160.605
3506.458
3717.515
3963.278
4203.054
4386.634
5.624
123.101
300.477
499.212
772.776
1042.257
1396.132
1789.404
2075.286
2408.060
2604.812
2895.846
3197.165
3439.146
55.486
285.329
697.252
1113.181
1580.039
1951.481
2345.422
2699.537
3017.084
3416.598
3630.327
3938.860
4215.139
4410.602
33.659
299.025
722.908
1031.609
1349.645
1629.585
1986.411
2374.341
2687.521
3029.957
3232.270
3530.495
3835.032
4068.799
23.724
472.846
1057.618
1431.569
1760.778
2012.083
2301.132
2602.963
2828.484
3069.537
3229.851
3457.474
3686.759
3858.197
95.025
417.065
724.268
965.727
1236.822
1458.396
1731.843
2014.576
2279.915
2576.394
2789.873
3102.417
3444.053
3713.208
3.068
273.573
892.062
1385.096
1775.456
2071.444
2389.278
2698.084
2961.725
3243.103
3425.107
3715.916
4029.920
4272.296
43.008
287.792
641.033
936.768
1263.080
1536.988
1863.336
2194.026
2474.639
2784.185
2989.345
3283.488
3570.354
3754.904
3.348
239.898
760.274
1141.657
1507.739
1774.348
2093.580
2403.799
2649.093
2975.953
3208.192
3480.992
3766.080
3948.558
64.898
293.775
590.821
767.143
947.093
1117.730
1334.961
1607.876
1890.449
2252.050
2498.528
2880.909
3329.295
3705.714
80.287
285.552
528.717
862.636
1264.096
1600.729
1994.929
2419.963
2779.497
3144.294
3395.834
3767.769
4200.486
4509.260
272.151
378.768
464.707
528.040
587.957
649.951
761.468
1007.411
1330.385
1861.572
2282.058
2912.348
3590.202
4096.383
130.331
481.280
806.633
1056.662
1314.657
1532.972
1806.367
2128.861
2413.584
2733.337
2950.026
3272.343
3604.894
3843.714
51.412
411.468
830.364
1132.000
1451.893
1718.502
2020.039
2305.591
2535.468
2775.341
2944.287
3177.018
3464.178
3704.786
23.600
193.961
511.112
837.421
1187.682
1463.993
1782.002
2111.029
2380.611
2667.960
2852.875
3112.845
3403.533
3626.940
29.921
281.580
625.010
931.647
1272.557
1548.805
1865.868
2203.476
2501.928
2824.396
3086.034
3478.540
3789.537
4008.219
2.705
208.665
646.329
1108.314
1578.522
1969.894
2402.194
2832.640
3152.621
3536.735
3780.500
4072.273
4365.312
4561.085
33.562
198.193
457.944
735.529
1107.535
1467.023
1915.080
2366.317
2722.299
3168.694
3492.329
3860.884
4208.864
4444.873
65.562
331.512
712.403
1036.695
1370.599
1643.551
1950.162
2291.099
2552.124
2856.745
3066.400
3409.026
3729.407
3938.690
2.396
114.611
277.332
463.719
685.182
888.038
1153.431
1441.514
1675.495
1964.229
2187.395
2568.435
2937.725
3205.554
5.386
265.777
910.384
1477.725
1990.774
2375.205
2772.892
3136.549
3419.068
3689.687
3868.133
4113.717
4340.134
4527.997
15.160
214.193
742.179
1245.432
1766.253
2180.776
2649.059
3102.531
3495.623
3890.478
4130.245
4379.676
4632.622
4793.860
8.524
307.232
873.427
1314.986
1722.690
2050.102
2429.140
2790.695
3073.023
3380.419
3605.231
3893.544
4163.263
4373.763
5.633
337.727
839.902
1244.598
1639.907
1967.308
2352.975
2738.900
3052.063
3380.420
3567.900
3810.928
4072.071
4266.456
1.543
52.133
77.255
161.926
203.904
241.112
294.852
374.860
481.065
710.615
934.562
1383.190
2068.424
2646.191
2.540
81.899
356.191
747.799
1197.694
1585.702
2099.912
2665.034
3052.346
3435.888
3657.280
3959.311
4257.679
4450.593
47.573
433.719
949.019
1327.441
1620.597
1837.545
2108.596
2361.482
2587.364
2842.802
3010.991
3255.815
3517.296
3703.693
46.930
461.388
678.959
866.133
1124.951
1412.429
1810.893
2238.732
2638.291
3068.052
3346.067
3695.531
4055.654
4315.504
19.196
175.762
496.981
775.706
1059.521
1297.206
1588.613
1920.715
2207.837
2556.972
2790.320
3112.456
3430.752
3682.396
73.967
298.427
619.387
834.609
1057.713
1245.447
1465.736
1723.645
1942.283
2220.110
2422.788
2787.836
3218.891
3506.357
30.418
363.501
825.772
1207.020
1597.106
1934.607
2295.296
2634.610
2902.035
3184.916
3347.335
3580.491
3828.922
4040.526
155.933
423.246
548.287
670.338
829.081
1009.502
1288.272
1629.561
1954.997
2403.978
2749.708
3202.737
3668.374
4012.558
30.941
528.059
982.846
1218.185
1411.101
1554.730
1739.083
1955.072
2148.378
2378.706
2538.458
2806.081
3111.296
3366.724
41.627
393.476
777.097
1050.387
1328.905
1556.080
1832.069
2113.463
2349.921
2615.296
2779.882
3037.354
3346.691
3615.604
37.453
114.488
416.382
710.194
1063.789
1434.270
1972.046
2596.584
3102.607
3618.740
3931.872
4337.445
4706.954
4945.675
104.543
296.370
560.257
822.015
1140.325
1437.250
1829.765
2269.575
2632.173
3073.753
3368.698
3807.947
4273.657
4585.654
12.693
340.042
929.697
1390.974
1781.437
2046.016
2335.814
2591.851
2784.647
2992.126
3130.680
3385.546
3639.261
3823.440
286.864
391.854
481.224
553.815
640.207
729.918
867.203
1067.011
1285.793
1668.060
2006.911
2532.184
3098.342
3522.690
272.554
377.682
460.637
515.108
582.768
642.183
749.549
985.492
1288.774
1788.086
2191.289
2898.393
3689.017
4259.304
1.061
44.691
83.220
169.090
265.548
356.914
480.123
657.458
903.900
1249.979
1507.908
1994.087
2619.222
3124.843
2.298
111.430
509.533
945.301
1403.082
1772.329
2209.369
2653.978
2995.157
3333.082
3545.625
3800.529
4070.111
4276.363
1.125
15.688
67.385
71.276
196.132
279.377
435.821
728.653
1068.422
1533.321
1836.556
2327.192
2915.969
3384.325
7.525
156.120
493.321
847.662
1229.707
1553.583
1896.906
2228.197
2486.052
2799.844
2997.522
3331.609
3672.668
3903.280
24.430
299.558
734.626
1080.331
1428.336
1706.082
2065.957
2456.373
2822.166
3237.571
3480.694
3806.668
4123.251
4360.048
39.058
196.084
652.290
1049.209
1414.611
1697.578
2036.685
2397.379
2685.881
3048.732
3300.812
3702.738
4091.874
4368.539
81.215
361.532
690.179
896.371
1109.028
1300.042
1554.305
1825.181
2065.365
2351.176
2538.180
2820.861
3140.327
3429.865
6.857
206.311
708.343
1227.020
1749.103
2157.372
2598.246
3021.061
3350.915
3714.227
3968.934
4273.668
4539.227
4735.735
11.704
450.419
1067.544
1513.162
1916.603
2210.064
2523.000
2832.395
3038.963
3280.432
3424.803
3634.791
3837.994
4017.504
11.664
283.904
879.871
1368.284
1809.960
2116.844
2460.055
2769.469
3028.050
3293.602
3468.404
3701.759
3944.606
4143.541
120.242
498.646
877.837
1234.568
1604.652
1902.353
2242.210
2584.251
2858.236
3136.045
3308.684
3559.741
3854.444
4102.853
24.591
322.007
706.735
1046.127
1442.285
1800.948
2209.793
2601.277
2929.219
3272.223
3483.900
3740.932
3995.972
4189.416
42.074
228.290
572.983
880.031
1209.377
1500.058
1889.976
2390.697
2767.056
3145.031
3402.406
3746.403
4105.811
4366.385
47.512
327.362
714.881
1006.561
1291.098
1523.438
1799.209
2098.082
2363.433
2653.837
2823.791
3058.037
3303.178
3477.015
55.552
311.993
635.109
886.196
1196.402
1510.784
1908.133
2329.580
2674.081
3058.188
3295.774
3620.165
4021.512
4287.174
31.273
259.296
600.782
848.128
1131.021
1389.639
1738.941
2138.686
2471.242
2831.478
3073.554
3379.957
3757.384
4052.166
22.301
250.835
678.163
1020.791
1369.216
1677.670
2063.824
2477.712
2787.447
3159.108
3396.078
3715.563
4030.456
4259.156
96.429
415.226
690.926
964.465
1276.646
1571.296
1921.909
2293.141
2596.272
2938.515
3213.396
3579.206
3924.315
4164.281
29.025
393.252
865.248
1194.831
1477.940
1711.074
1983.059
2299.464
2573.078
2896.255
3119.660
3440.155
3749.373
3984.897
118.099
460.118
754.979
1059.501
1406.417
1712.704
2071.941
2432.152
2728.800
3130.874
3367.705
3659.303
3988.542
4203.717
97.355
398.567
607.925
789.050
986.726
1182.463
1448.696
1752.794
2014.561
2327.491
2544.343
2877.268
3251.311
3561.775
6.752
139.200
372.801
620.220
915.036
1200.865
1576.264
1975.625
2301.344
2714.645
3007.803
3358.478
3706.648
3958.114
20.885
431.775
1001.364
1389.346
1713.522
2000.514
2334.486
2696.548
2957.897
3255.309
3429.249
3694.144
3972.812
4146.526
16.880
131.436
413.176
732.288
1112.975
1472.315
1884.797
2227.786
2495.963
2811.265
2987.772
3251.678
3513.303
3721.299
28.700
328.863
668.888
933.669
1210.779
1440.399
1718.084
1994.267
2230.204
2501.761
2688.226
2943.848
3174.993
3362.069
4.174
193.746
461.716
728.831
1054.748
1346.100
1723.925
2138.280
2506.155
2916.506
3183.730
3544.422
3874.990
4080.230
89.135
272.318
467.609
683.324
925.420
1134.505
1404.070
1710.899
1995.780
2373.655
2694.856
3124.829
3545.546
3884.131
11.147
210.980
532.997
860.796
1255.570
1611.476
2050.653
2493.197
2815.668
3174.231
3389.803
3701.626
4013.377
4251.821
2.649
331.379
991.072
1483.345
1932.985
2271.665
2647.173
2980.457
3205.963
3499.217
3692.676
3943.207
4181.242
4337.548
15.228
148.212
451.665
780.919
1196.385
1563.922
2018.705
2447.769
2761.329
3092.480
3300.819
3589.959
3925.457
4158.344
47.322
370.079
717.061
939.852
1189.417
1409.362
1676.079
1957.107
2197.121
2492.016
2698.911
2995.569
3334.361
3601.309
31.889
105.417
373.978
789.559
1367.661
1835.275
2353.979
2858.824
3238.899
3661.545
3883.212
4154.777
4428.093
4609.702
43.141
329.900
747.415
1075.060
1420.078
1704.916
2044.950
2405.001
2716.864
3085.495
3326.702
3672.837
3993.953
4229.335
42.815
201.435
499.260
862.229
1301.068
1680.287
2118.036
2542.077
2872.652
3223.064
3422.659
3726.415
4094.492
4364.108
125.441
520.949
859.209
1147.008
1441.790
1684.065
1973.018
2287.701
2571.601
2991.087
3213.229
3508.815
3790.583
3993.180
50.869
392.518
899.239
1225.442
1511.169
1741.678
1985.068
2238.403
2436.592
2696.285
2858.890
3117.320
3391.056
3598.617
27.422
138.751
423.316
732.421
1050.834
1317.514
1656.728
2030.074
2329.244
2680.130
2915.028
3223.611
3538.513
3783.259
132.213
464.297
753.847
998.557
1284.182
1536.889
1865.759
2316.702
2663.614
3009.223
3252.323
3575.575
3917.341
4147.568
91.769
380.268
619.206
821.377
1027.570
1203.296
1412.189
1652.667
1866.684
2147.837
2358.080
2750.610
3210.903
3546.999
12.500
265.651
683.462
1093.197
1515.286
1851.936
2230.269
2593.234
2855.336
3121.660
3293.136
3500.769
3738.396
3911.042
21.846
212.304
675.473
1099.270
1522.300
1890.615
2360.575
2800.420
3142.896
3476.992
3694.241
3983.729
4295.608
4528.081
34.110
402.910
998.781
1387.072
1723.541
1970.135
2247.131
2515.311
2728.405
2968.468
3132.342
3353.631
3580.561
3771.197
50.735
297.221
692.127
998.700
1334.079
1637.284
1984.219
2352.730
2634.758
2945.820
3154.653
3480.066
3818.526
4032.260
11.093
14.141
114.662
357.449
762.114
1185.931
1716.452
2234.805
2638.345
3052.882
3299.947
3619.502
3946.985
4200.434
4.028
276.297
922.817
1449.435
1912.387
2266.683
2655.730
2998.398
3266.811
3542.944
3724.075
3956.780
4201.839
4374.126
40.503
361.147
760.421
1058.570
1370.731
1630.364
1954.228
2295.080
2602.831
2971.440
3171.735
3455.401
3759.564
3990.324
15.692
465.355
982.744
1345.835
1655.226
1877.574
2131.367
2363.953
2561.323
2740.950
2874.086
3052.718
3266.851
3419.745
3.866
206.526
573.497
926.402
1334.493
1702.104
2122.520
2552.680
2883.734
3270.139
3489.485
3779.920
4073.761
4297.888
76.647
290.734
669.734
933.096
1209.018
1433.661
1654.076
1895.286
2099.572
2325.790
2488.695
2744.131
3125.061
3436.766
13.039
261.816
513.110
732.117
993.074
1235.072
1569.824
1929.847
2228.510
2586.591
2848.015
3221.242
3578.309
3830.047
29.914
282.795
809.444
1217.117
1617.989
1896.985
2193.803
2452.403
2664.205
2983.041
3148.472
3354.237
3566.482
3727.777
17.839
154.213
473.943
831.756
1227.421
1563.335
1940.848
2344.858
2702.347
3095.026
3328.009
3641.535
3975.800
4242.817
6.556
413.263
1066.707
1527.945
1930.748
2216.111
2517.833
2803.212
3017.671
3247.005
3396.480
3596.178
3847.924
4009.602
28.740
236.368
620.401
908.395
1212.004
1497.069
1863.883
2262.912
2574.517
2904.008
3116.399
3402.711
3754.692
3990.875
17.578
268.077
654.657
969.630
1281.520
1543.979
1851.896
2181.952
2477.234
2802.688
3039.009
3364.860
3713.671
3972.744
15.202
511.838
1051.310
1489.818
1899.545
2201.271
2515.667
2794.107
3009.466
3250.515
3407.616
3629.777
3858.866
4037.763
3.449
79.535
141.293
191.568
252.874
328.037
436.764
579.666
723.962
1014.077
1259.065
1595.889
1970.969
2312.754
52.565
190.380
532.554
847.176
1173.136
1475.178
1883.132
2237.292
2520.143
2824.382
3017.845
3278.448
3572.498
3782.923
124.876
308.022
500.072
698.242
937.184
1181.375
1509.189
1903.367
2280.359
2741.325
3053.185
3504.229
3988.990
4390.178
16.747
591.386
1027.167
1294.375
1499.063
1669.348
1899.407
2152.281
2367.515
2606.384
2773.747
3011.438
3280.353
3508.038
29.228
142.945
339.385
570.632
862.378
1134.957
1491.975
1904.479
2254.964
2643.194
2916.520
3335.825
3750.747
4019.294
1.499
177.231
456.831
723.995
1041.896
1340.074
1709.224
2075.380
2362.133
2659.415
2848.435
3125.371
3438.469
3648.290
86.914
390.443
657.906
893.936
1184.546
1455.985
1810.022
2166.152
2468.383
2829.289
3103.374
3451.248
3782.382
4012.443
88.600
367.333
656.597
895.765
1131.470
1331.174
1554.880
1786.872
1993.327
2253.645
2436.093
2730.996
3040.729
3305.443
15.439
343.472
893.306
1331.640
1756.251
2087.290
2487.318
2906.823
3162.027
3440.989
3574.992
3779.653
3994.958
4151.136
106.658
438.165
778.483
1092.751
1415.895
1672.927
1980.905
2278.853
2526.029
2805.393
2983.239
3228.146
3514.511
3735.970
34.519
281.086
618.472
918.455
1245.568
1540.356
1905.172
2284.787
2651.077
3113.034
3392.086
3750.796
4119.597
4386.354
65.492
292.269
594.335
805.158
1059.919
1318.509
1677.963
2033.571
2325.179
2715.862
2996.996
3373.084
3753.165
4016.967
16.033
371.235
704.292
1026.032
1381.074
1649.070
1983.081
2340.093
2637.615
2963.248
3171.128
3488.198
3788.562
4031.176
69.581
241.797
548.695
814.556
1133.917
1419.746
1782.294
2140.967
2432.239
2739.211
2945.420
3277.408
3663.016
3931.157
77.948
201.528
502.666
781.675
1130.979
1437.262
1847.977
2298.107
2682.624
3163.755
3515.375
3951.821
4354.715
4612.271
19.302
335.153
782.605
1144.458
1493.751
1783.681
2130.607
2475.445
2766.735
3062.006
3249.880
3524.690
3811.379
4031.489
14.632
94.010
334.403
606.471
895.405
1141.838
1453.218
1805.136
2100.579
2468.205
2716.791
3070.597
3429.730
3693.083
55.838
443.821
877.314
1196.706
1554.673
1868.234
2257.724
2628.160
2894.753
3173.281
3338.764
3566.784
3819.428
4056.325
9.704
230.732
544.074
855.900
1231.726
1567.577
2057.491
2509.160
2832.421
3194.543
3413.812
3727.893
4052.690
4278.442
21.337
279.219
726.703
1068.836
1406.104
1701.354
2065.746
2441.575
2745.118
3069.014
3269.128
3541.959
3819.133
4027.434
44.847
400.139
822.622
1137.143
1446.335
1699.604
1993.415
2319.395
2603.953
2930.816
3154.490
3486.032
3843.796
4085.472
52.969
227.748
625.487
952.057
1276.712
1568.778
1930.574
2310.933
2636.555
2991.055
3236.586
3568.248
3963.073
4310.486
38.233
143.878
404.795
679.047
1013.509
1286.637
1619.197
2022.680
2353.553
2732.392
2975.285
3333.641
3755.832
4051.835
42.635
368.099
847.478
1159.869
1454.033
1695.984
1980.471
2278.746
2519.098
2782.185
2945.285
3217.718
3516.868
3775.483
58.265
150.133
381.541
565.056
826.163
1092.364
1470.045
1942.958
2392.367
2922.791
3340.382
3848.526
4313.052
4637.983
24.962
333.049
687.513
956.493
1229.208
1468.819
1793.077
2132.657
2373.607
2638.810
2805.319
3057.302
3311.441
3526.512
50.835
204.189
509.174
713.858
924.302
1120.050
1388.927
1730.384
2040.309
2446.528
2739.058
3192.360
3709.429
4078.579
137.832
517.036
858.848
1177.710
1524.008
1818.859
2157.458
2499.487
2766.097
3092.149
3350.296
3702.321
4026.157
4278.059
2.653
256.631
725.997
1100.171
1435.672
1692.536
2014.718
2347.387
2607.311
2908.537
3095.736
3363.891
3648.319
3882.198
27.310
182.170
468.856
741.770
1056.508
1336.648
1680.164
2075.960
2426.445
2823.405
3071.996
3429.510
3780.947
4081.353
0.976
46.617
320.831
711.540
1103.333
1406.538
1738.056
2061.747
2292.907
2539.957
2689.848
2889.498
3111.963
3304.692
48.970
64.974
256.075
633.897
1164.921
1577.627
2007.941
2457.745
2807.760
3191.050
3420.956
3751.801
4090.212
4350.140
20.118
206.815
512.073
844.891
1261.138
1632.678
2038.692
2420.388
2731.324
3077.473
3297.228
3629.953
3971.675
4250.002
146.174
408.676
646.265
878.300
1117.317
1293.138
1529.405
1814.285
2062.824
2354.196
2557.735
2857.408
3193.652
3511.336
108.396
390.909
657.278
904.414
1160.934
1392.419
1687.412
2099.921
2387.024
2729.762
2939.265
3227.641
3531.583
3771.422
1.529
115.011
538.913
990.490
1419.009
1765.844
2200.020
2612.752
2963.172
3298.536
3506.487
3763.573
4016.867
4206.600
1.009
38.264
310.514
764.972
1251.436
1627.703
2035.084
2388.339
2654.199
2905.727
3054.842
3238.866
3436.306
3567.250
4.672
284.858
673.104
1010.919
1368.124
1635.445
1950.152
2255.017
2482.782
2747.462
2911.966
3162.599
3455.495
3687.713
24.431
479.820
1011.266
1388.958
1746.874
2046.066
2358.326
2684.108
2916.010
3166.241
3309.541
3539.350
3774.231
3938.339
10.802
194.549
587.457
999.186
1421.963
1761.608
2182.498
2622.425
3002.703
3433.232
3674.177
3969.088
4274.118
4483.075
107.755
563.355
865.829
1124.969
1371.478
1588.133
1854.078
2157.352
2407.661
2710.327
2906.874
3183.435
3468.295
3698.519
3.270
149.919
588.408
1025.977
1402.739
1656.069
1935.394
2223.941
2441.876
2719.517
2903.021
3157.443
3427.277
3608.335
99.293
292.184
485.868
729.018
1029.841
1329.277
1727.695
2159.355
2525.625
2961.902
3319.002
3818.742
4281.170
4584.144
77.764
193.440
489.238
724.949
972.724
1192.965
1510.806
1880.926
2231.478
2647.902
2945.599
3397.271
3911.811
4260.824
70.826
317.529
718.381
1030.215
1346.101
1602.364
1887.578
2203.734
2469.464
2774.493
2977.024
3248.044
3549.822
3790.219
2.220
199.209
755.880
1221.576
1649.224
1981.194
2350.722
2730.318
3035.704
3424.664
3642.953
3943.857
4240.244
4431.006
21.187
486.645
951.566
1272.423
1599.456
1874.707
2236.951
2622.264
2907.359
3233.953
3437.712
3683.225
3894.955
4073.380
156.123
485.491
764.959
1022.788
1321.627
1576.301
1893.434
2235.697
2611.217
2960.089
3183.971
3534.555
3872.537
4154.979
93.797
411.215
788.765
1114.372
1444.016
1715.999
2049.618
2391.561
2657.724
2941.898
3126.407
3426.857
3755.237
4000.266
9.378
215.402
612.114
951.096
1290.384
1558.946
1854.231
2168.693
2426.479
2706.960
2883.719
3192.345
3496.064
3715.086
51.902
434.175
897.660
1287.424
1682.606
2005.570
2355.875
2667.390
2921.015
3168.153
3345.384
3594.944
3900.608
4155.149
38.591
239.433
702.955
1102.400
1470.843
1757.281
2088.485
2418.007
2673.078
2946.391
3118.575
3399.700
3739.910
3982.479
60.422
293.142
619.560
838.013
1100.246
1348.719
1677.350
2022.264
2299.206
2661.307
2906.238
3277.820
3659.581
3934.513
42.169
321.577
735.908
1049.786
1367.241
1636.044
1950.280
2267.822
2541.619
2829.879
3027.299
3307.242
3637.930
3873.826
1.112
161.249
459.631
772.523
1154.107
1487.671
1914.888
2366.473
2709.368
3091.132
3333.920
3656.500
3995.194
4288.076
14.245
179.564
519.154
868.368
1270.862
1645.826
2120.457
2603.896
2951.447
3318.164
3538.896
3819.931
4128.057
4359.207
0.994
91.160
595.551
1208.327
1809.398
2277.729
2759.306
3195.895
3502.289
3811.089
3971.731
4193.589
4397.296
4572.481
7.522
217.578
541.028
796.395
1065.906
1278.308
1540.624
1798.560
2012.983
2262.920
2421.487
2642.917
2904.946
3124.391
61.579
287.767
697.025
924.328
1133.695
1308.936
1541.903
1830.680
2091.315
2406.492
2633.684
2960.037
3295.738
3565.724
282.636
376.253
463.274
522.342
586.366
641.214
728.079
900.237
1148.751
1615.616
2051.397
2798.286
3646.805
4240.492
17.071
198.361
536.745
857.372
1207.617
1515.722
1906.022
2302.852
2613.816
2972.614
3180.988
3517.523
3889.471
4157.929
2.947
308.783
748.211
1126.989
1516.978
1847.139
2190.955
2521.239
2784.038
3098.541
3305.770
3568.998
3838.375
4022.560
132.956
335.480
558.653
796.057
1060.441
1302.684
1606.959
1931.888
2204.662
2526.376
2755.792
3069.017
3449.008
3755.484
5.865
93.516
290.007
538.334
853.731
1147.082
1506.921
1905.437
2258.053
2633.929
2874.452
3208.943
3547.800
3793.485
117.093
507.176
819.717
1091.270
1390.625
1624.777
1930.589
2225.219
2478.079
2795.246
2976.351
3283.984
3591.937
3859.325
77.968
407.906
766.403
1010.554
1263.983
1481.637
1779.494
2108.690
2369.659
2690.848
2915.711
3208.860
3534.811
3787.087
67.132
275.516
575.997
767.158
1001.853
1237.325
1504.595
1791.453
2037.478
2319.934
2517.733
2805.954
3117.336
3359.891
15.077
301.645
784.004
1173.010
1553.781
1854.594
2188.207
2510.795
2783.659
3070.998
3252.871
3514.893
3839.899
4059.815
1.045
30.901
122.234
298.203
515.837
752.694
1115.591
1558.262
1979.795
2384.050
2620.313
2962.599
3294.411
3535.089
35.896
308.798
720.793
1042.402
1368.835
1636.970
1970.943
2299.217
2573.075
2863.405
3057.081
3344.507
3635.624
3873.304
83.714
502.959
782.582
1009.711
1250.747
1486.197
1785.876
2114.777
2389.235
2710.951
2920.599
3200.956
3522.726
3777.454
31.362
260.363
668.149
1056.777
1472.674
1826.866
2222.560
2611.551
2924.481
3249.930
3450.877
3711.161
3988.372
4229.182
14.715
199.249
656.584
1012.083
1401.906
1733.491
2137.536
2517.912
2822.091
3170.190
3372.420
3671.706
3982.168
4191.203
4.172
345.996
897.870
1400.226
1888.407
2256.335
2661.463
3056.929
3344.516
3624.157
3787.155
4003.331
4214.495
4415.552
10.291
134.936
384.700
649.075
949.009
1209.477
1541.733
1916.654
2222.730
2552.703
2762.396
3042.561
3344.394
3564.327
272.284
375.467
458.114
516.740
572.799
633.875
733.467
961.082
1257.249
1745.304
2138.014
2820.311
3563.614
4127.529
19.463
560.208
998.356
1257.144
1485.251
1665.042
1892.991
2156.866
2392.758
2654.402
2839.304
3133.685
3431.376
3662.252
65.619
220.039
604.074
960.864
1389.040
1756.102
2169.186
2566.847
2844.536
3146.939
3335.500
3585.668
3883.690
4132.825
41.879
228.184
629.122
845.323
1061.569
1258.201
1516.687
1810.178
2041.541
2336.906
2537.778
2831.982
3158.971
3430.609
11.123
332.478
680.242
958.152
1209.855
1437.271
1707.473
2003.937
2283.964
2588.022
2797.744
3098.741
3437.932
3720.313
98.201
386.354
643.084
897.846
1196.844
1446.664
1731.007
2034.475
2270.621
2550.977
2726.441
3022.807
3389.303
3658.706
32.986
345.045
718.924
1032.819
1337.211
1600.990
1893.943
2160.166
2363.043
2590.589
2726.118
2939.374
3176.300
3366.516
12.774
413.735
961.552
1412.242
1788.348
2079.776
2388.281
2681.582
2908.662
3167.298
3303.561
3523.189
3758.863
3942.024
12.831
186.312
530.183
838.681
1164.181
1446.525
1772.958
2175.660
2533.640
2895.641
3123.410
3453.789
3759.187
3979.188
14.811
233.248
735.844
1139.631
1517.657
1824.654
2184.168
2520.738
2786.580
3076.108
3254.927
3524.544
3826.094
4045.227
28.914
272.936
683.684
979.366
1241.734
1440.231
1665.625
1892.186
2087.777
2293.204
2437.624
2661.486
2911.241
3126.901
15.244
188.419
565.200
965.323
1377.317
1683.717
2021.741
2317.465
2555.548
2804.887
2973.238
3188.157
3398.009
3570.536
266.890
411.946
529.466
631.411
748.529
863.054
1034.244
1313.587
1668.176
2151.783
2487.938
2972.625
3463.422
3868.580
62.367
429.447
906.574
1287.133
1656.812
1934.036
2257.129
2582.299
2840.300
3134.583
3362.717
3674.106
3991.917
4216.378
4.900
149.901
479.653
871.830
1312.775
1700.072
2146.856
2592.088
2934.455
3318.583
3544.444
3835.649
4120.855
4332.320
113.464
422.853
701.478
958.310
1245.028
1493.775
1804.261
2146.591
2398.199
2701.652
2879.735
3174.475
3531.894
3820.058
70.460
159.629
409.920
620.414
920.660
1196.550
1601.913
2125.048
2593.773
3091.725
3427.230
3974.815
4473.004
4773.421
30.179
178.809
630.885
1046.347
1422.868
1713.882
2036.187
2342.877
2598.764
2879.086
3053.725
3291.688
3547.575
3749.551
46.845
186.251
467.027
762.527
1131.318
1433.476
1800.731
2177.228
2476.736
2830.074
3066.345
3455.923
3880.300
4178.866
12.762
267.716
591.713
795.291
1010.211
1212.227
1512.694
1912.089
2272.277
2724.262
3045.768
3474.028
3853.716
4119.402
105.308
331.635
609.021
854.777
1093.143
1299.219
1560.726
1860.115
2119.896
2462.793
2714.702
3132.662
3602.435
3977.547
137.563
377.917
602.322
796.393
991.031
1160.283
1374.607
1611.938
1836.008
2136.586
2351.801
2712.845
3145.804
3441.098
52.769
255.008
687.863
1114.582
1519.868
1855.253
2252.108
2702.768
3065.733
3463.829
3699.614
4037.488
4378.579
4645.036
65.720
399.093
746.531
988.548
1232.591
1425.534
1636.144
1863.448
2071.282
2288.301
2440.420
2691.847
2974.795
3210.174
8.412
313.954
681.557
1006.695
1349.757
1626.424
1979.113
2352.364
2640.492
2950.251
3140.571
3439.918
3751.198
3994.644
21.645
147.550
369.765
654.197
986.914
1254.272
1568.137
1911.972
2174.162
2483.089
2667.561
2946.034
3213.715
3416.551
108.333
340.620
583.463
835.948
1122.097
1353.429
1627.573
1900.896
2118.124
2377.230
2536.901
2789.490
3087.312
3381.488
13.531
340.862
777.475
1053.741
1341.549
1590.042
1897.744
2221.119
2452.758
2711.114
2884.644
3134.122
3393.178
3608.889
29.471
314.417
745.316
1034.464
1336.182
1600.676
1905.696
2221.200
2485.322
2763.277
2931.230
3172.422
3454.210
3666.532
0.963
15.685
82.563
160.705
318.975
507.921
783.874
1142.754
1562.424
2109.563
2412.552
2837.848
3287.407
3597.060
154.762
375.915
562.746
756.527
981.594
1168.088
1373.958
1608.637
1853.380
2176.206
2431.797
2854.632
3333.499
3645.078
2.384
237.716
697.377
1057.874
1336.436
1538.187
1776.303
2040.112
2263.980
2539.063
2697.542
2966.663
3294.336
3583.133
3.539
190.488
765.525
1252.746
1721.153
2086.963
2481.930
2853.499
3136.752
3437.381
3623.336
3845.187
4102.857
4290.797
146.072
576.336
936.331
1228.459
1531.864
1782.216
2106.533
2465.102
2786.307
3151.878
3344.004
3606.919
3854.985
4051.747
8.170
220.024
692.106
1093.141
1516.492
1873.561
2281.120
2708.676
3064.568
3420.786
3654.563
4001.360
4338.239
4579.614
97.887
310.692
556.736
815.209
1095.823
1335.154
1642.437
1971.151
2255.443
2607.394
2866.431
3273.786
3711.719
4039.893
49.714
340.973
807.740
1163.399
1521.097
1801.259
2125.096
2458.410
2732.567
3022.086
3214.651
3476.675
3740.883
4001.052
3.710
238.817
757.313
1186.684
1592.192
1925.704
2319.577
2730.478
3001.183
3284.485
3468.214
3721.040
3992.443
4211.366
14.135
98.123
334.433
610.527
935.011
1219.158
1578.162
1956.543
2293.586
2658.305
2908.737
3269.855
3656.738
3940.916
75.439
408.626
820.689
1056.985
1274.652
1450.140
1676.717
1941.832
2206.407
2550.833
2761.152
3064.681
3394.909
3657.479
76.365
262.726
638.761
875.275
1149.546
1362.462
1601.336
1850.919
2060.916
2312.552
2491.419
2783.839
3133.554
3457.677
45.664
202.009
533.423
876.479
1254.113
1567.851
1966.248
2408.454
2793.647
3295.171
3554.233
3902.055
4213.971
4447.826
18.178
196.673
599.215
955.436
1297.102
1577.203
1913.945
2258.395
2554.403
2882.756
3079.617
3379.159
3695.778
3925.910
46.876
57.877
208.293
575.246
1133.295
1562.358
2036.461
2474.792
2830.493
3228.479
3472.076
3857.671
4240.182
4474.096
86.362
392.082
694.891
958.583
1213.324
1397.384
1594.966
1826.521
2020.460
2279.126
2459.463
2712.642
3003.875
3256.551
33.661
162.325
506.217
851.394
1231.235
1558.198
1931.278
2307.539
2592.062
2891.698
3094.479
3389.988
3709.469
3975.386
26.830
189.846
480.450
767.978
1103.043
1390.191
1718.088
2051.124
2307.788
2596.465
2785.678
3094.756
3437.223
3692.528
